-00.747 -05.989 +07.252
-00.747 -05.989 +07.252
-00.747 -05.989 +07.252
-00.747 -05.989 +07.252
-00.747 -05.989 +07.252
-00.747 -05.989 +07.252
-00.747 -05.989 +07.252
-00.747 -05.989 +07.252
-00.747 -05.989 +07.252
+09.730 +09.982 +07.355
-00.747 -05.989 +07.252
+09.730 +09.982 +07.355
+07.746 +06.838 +07.190
-03.800 +03.773 +04.571
-09.163 -07.394 +05.124
+02.689 -07.348 -05.512
+04.218 +06.256 -00.841
-07.527 -08.789 +04.230
+01.764 -02.524 +05.859
+09.340 -02.183 +01.812
+04.811 +02.176 +01.574
+02.569 +06.791 -09.173
+01.918 -08.054 -06.036
-06.768 -00.266 -07.488
+02.111 +01.010 -02.938
+06.000 -05.769 -02.725
+00.863 +06.522 -00.759
+04.504 -02.209 +03.144
+02.080 -00.848 +05.373
+06.553 +03.478 -07.024
-01.999 -07.196 -03.335
-03.005 +08.033 +00.079
+08.957 -01.375 -01.297
+02.475 -07.976 +05.145
+00.680 -00.830 -07.899
-01.596 -00.546 -07.264
-07.942 +05.334 +03.444
+06.031 +08.599 +04.528
+08.205 +02.100 -02.077
-02.370 +09.160 -09.223
-07.265 +07.026 +04.132
+02.843 +09.903 -09.932
+03.404 -08.613 +01.221
+08.098 +03.199 -05.465
+03.855 +03.446 +08.288
-01.939 -02.145 -06.646
-00.785 -06.312 +06.478
-01.250 -06.048 +05.513
-03.180 -02.612 -08.469
-01.199 -07.203 +00.116
-02.836 -01.806 +07.297
+05.578 -03.036 +09.950
-09.389 -05.992 +06.529
-07.813 -04.604 +01.842
-04.167 +05.307 -04.415
-01.988 +02.728 +09.486
-04.983 +06.524 +07.834
+01.112 -00.352 +07.451
-06.117 -02.575 -04.192
+07.407 +09.967 +04.280
+06.517 +08.606 -02.328
-03.439 +05.390 -09.665
+05.478 +03.766 +08.936
-03.806 +04.927 +07.479
-09.305 -07.636 +07.599
+05.908 +00.088 +07.273
+01.022 -03.777 -08.885
+09.822 +06.354 +07.340
+08.189 +01.948 -06.614
+06.072 +00.072 +06.250
+02.331 +05.996 +05.675
+06.365 +04.698 -03.043
+09.889 -03.654 +05.157
+07.037 +08.199 -03.860
-08.509 -00.827 +06.549
+00.687 -03.728 -00.866
-02.693 +08.841 -05.615
+07.265 +05.759 -06.078
+03.569 -01.534 +05.031
+02.035 -07.719 -02.822
+01.156 +01.384 -03.607
-07.692 +04.495 -07.148
+03.704 -00.470 -03.931
+06.433 +06.338 -08.137
-00.326 -08.084 +07.179
+06.397 +09.202 +04.506
+04.727 -07.667 -04.817
-01.768 +07.982 -05.778
+03.022 +06.726 +03.333
+01.603 +00.880 -06.070
-06.444 +04.347 +00.524
-05.397 -01.830 -08.132
-08.473 +00.894 +07.854
+07.617 +05.060 -05.019
+07.933 -07.551 -04.001
-04.464 +05.426 -07.723
-04.676 -07.233 +03.571
-02.106 +01.152 -07.968
+09.109 -06.002 +09.759
-06.988 +05.772 -00.720
-03.041 -07.594 -09.569
+01.906 +01.897 -01.434
+06.235 +01.203 -06.086
+01.234 -08.202 -09.973
+00.813 -04.878 -07.450
+01.796 -08.829 +08.542
+07.053 -03.295 +03.942
-05.351 -01.226 -06.452
-07.979 +08.884 -00.925
-08.901 -06.304 -04.067
+07.746 +06.838 +07.190
-03.800 +03.773 +04.571
-09.163 -07.394 +05.124
+02.689 -07.348 -05.512
+04.218 +06.256 -00.841
-07.527 -08.789 +04.230
+01.764 -02.524 +05.859
+09.340 -02.183 +01.812
+04.811 +02.176 +01.574
+02.569 +06.791 -09.173
+01.918 -08.054 -06.036
-06.768 -00.266 -07.488
+02.111 +01.010 -02.938
+06.000 -05.769 -02.725
+00.863 +06.522 -00.759
+04.504 -02.209 +03.144
+02.080 -00.848 +05.373
+06.553 +03.478 -07.024
-01.999 -07.196 -03.335
-03.005 +08.033 +00.079
+08.957 -01.375 -01.297
+02.475 -07.976 +05.145
+00.680 -00.830 -07.899
-01.596 -00.546 -07.264
-07.942 +05.334 +03.444
+06.031 +08.599 +04.528
+08.205 +02.100 -02.077
-02.370 +09.160 -09.223
-07.265 +07.026 +04.132
+02.843 +09.903 -09.932
+03.404 -08.613 +01.221
+08.098 +03.199 -05.465
+03.855 +03.446 +08.288
-01.939 -02.145 -06.646
-00.785 -06.312 +06.478
-01.250 -06.048 +05.513
-03.180 -02.612 -08.469
-01.199 -07.203 +00.116
-02.836 -01.806 +07.297
+05.578 -03.036 +09.950
-09.389 -05.992 +06.529
-07.813 -04.604 +01.842
-04.167 +05.307 -04.415
-01.988 +02.728 +09.486
-04.983 +06.524 +07.834
+01.112 -00.352 +07.451
-06.117 -02.575 -04.192
+07.407 +09.967 +04.280
+06.517 +08.606 -02.328
-03.439 +05.390 -09.665
+05.478 +03.766 +08.936
-03.806 +04.927 +07.479
-09.305 -07.636 +07.599
+05.908 +00.088 +07.273
+01.022 -03.777 -08.885
+09.822 +06.354 +07.340
+08.189 +01.948 -06.614
+06.072 +00.072 +06.250
+02.331 +05.996 +05.675
+06.365 +04.698 -03.043
+09.889 -03.654 +05.157
+07.037 +08.199 -03.860
-08.509 -00.827 +06.549
+00.687 -03.728 -00.866
-02.693 +08.841 -05.615
+07.265 +05.759 -06.078
+03.569 -01.534 +05.031
+02.035 -07.719 -02.822
+01.156 +01.384 -03.607
-07.692 +04.495 -07.148
+03.704 -00.470 -03.931
+06.433 +06.338 -08.137
-00.326 -08.084 +07.179
+06.397 +09.202 +04.506
+04.727 -07.667 -04.817
-01.768 +07.982 -05.778
+03.022 +06.726 +03.333
+01.603 +00.880 -06.070
-06.444 +04.347 +00.524
-05.397 -01.830 -08.132
-08.473 +00.894 +07.854
+07.617 +05.060 -05.019
+07.933 -07.551 -04.001
-04.464 +05.426 -07.723
-04.676 -07.233 +03.571
-02.106 +01.152 -07.968
+09.109 -06.002 +09.759
-06.988 +05.772 -00.720
-03.041 -07.594 -09.569
+01.906 +01.897 -01.434
+06.235 +01.203 -06.086
+01.234 -08.202 -09.973
+00.813 -04.878 -07.450
+01.796 -08.829 +08.542
+07.053 -03.295 +03.942
-05.351 -01.226 -06.452
-07.979 +08.884 -00.925
-08.901 -06.304 -04.067
+09.730 +09.982 +07.355
+07.746 +06.838 +07.190
-03.800 +03.773 +04.571
-09.163 -07.394 +05.124
+02.689 -07.348 -05.512
+04.218 +06.256 -00.841
-07.527 -08.789 +04.230
+01.764 -02.524 +05.859
+09.340 -02.183 +01.812
+04.811 +02.176 +01.574
+02.569 +06.791 -09.173
+01.918 -08.054 -06.036
-06.768 -00.266 -07.488
+02.111 +01.010 -02.938
+06.000 -05.769 -02.725
+00.863 +06.522 -00.759
+04.504 -02.209 +03.144
+02.080 -00.848 +05.373
+06.553 +03.478 -07.024
-01.999 -07.196 -03.335
-03.005 +08.033 +00.079
+08.957 -01.375 -01.297
+02.475 -07.976 +05.145
+00.680 -00.830 -07.899
-01.596 -00.546 -07.264
-07.942 +05.334 +03.444
+06.031 +08.599 +04.528
+08.205 +02.100 -02.077
-02.370 +09.160 -09.223
-07.265 +07.026 +04.132
+02.843 +09.903 -09.932
+03.404 -08.613 +01.221
+08.098 +03.199 -05.465
+03.855 +03.446 +08.288
-01.939 -02.145 -06.646
-00.785 -06.312 +06.478
-01.250 -06.048 +05.513
-03.180 -02.612 -08.469
-01.199 -07.203 +00.116
-02.836 -01.806 +07.297
+05.578 -03.036 +09.950
-09.389 -05.992 +06.529
-07.813 -04.604 +01.842
-04.167 +05.307 -04.415
-01.988 +02.728 +09.486
-04.983 +06.524 +07.834
+01.112 -00.352 +07.451
-06.117 -02.575 -04.192
+07.407 +09.967 +04.280
+06.517 +08.606 -02.328
-03.439 +05.390 -09.665
+05.478 +03.766 +08.936
-03.806 +04.927 +07.479
-09.305 -07.636 +07.599
+05.908 +00.088 +07.273
+01.022 -03.777 -08.885
+09.822 +06.354 +07.340
+08.189 +01.948 -06.614
+06.072 +00.072 +06.250
+02.331 +05.996 +05.675
+06.365 +04.698 -03.043
+09.889 -03.654 +05.157
+07.037 +08.199 -03.860
-08.509 -00.827 +06.549
+00.687 -03.728 -00.866
-02.693 +08.841 -05.615
+07.265 +05.759 -06.078
+03.569 -01.534 +05.031
+02.035 -07.719 -02.822
+01.156 +01.384 -03.607
-07.692 +04.495 -07.148
+03.704 -00.470 -03.931
+06.433 +06.338 -08.137
-00.326 -08.084 +07.179
+06.397 +09.202 +04.506
+04.727 -07.667 -04.817
-01.768 +07.982 -05.778
+03.022 +06.726 +03.333
+01.603 +00.880 -06.070
-06.444 +04.347 +00.524
-05.397 -01.830 -08.132
-08.473 +00.894 +07.854
+07.617 +05.060 -05.019
+07.933 -07.551 -04.001
-04.464 +05.426 -07.723
-04.676 -07.233 +03.571
-02.106 +01.152 -07.968
+09.109 -06.002 +09.759
-06.988 +05.772 -00.720
-03.041 -07.594 -09.569
+01.906 +01.897 -01.434
+06.235 +01.203 -06.086
+01.234 -08.202 -09.973
+00.813 -04.878 -07.450
+01.796 -08.829 +08.542
+07.053 -03.295 +03.942
-05.351 -01.226 -06.452
-07.979 +08.884 -00.925
-08.901 -06.304 -04.067
+09.730 +09.982 +07.355
+07.746 +06.838 +07.190
-03.800 +03.773 +04.571
-09.163 -07.394 +05.124
+02.689 -07.348 -05.512
+04.218 +06.256 -00.841
-07.527 -08.789 +04.230
+01.764 -02.524 +05.859
+09.340 -02.183 +01.812
+04.811 +02.176 +01.574
+02.569 +06.791 -09.173
+01.918 -08.054 -06.036
-06.768 -00.266 -07.488
+02.111 +01.010 -02.938
+06.000 -05.769 -02.725
+00.863 +06.522 -00.759
+04.504 -02.209 +03.144
+02.080 -00.848 +05.373
+06.553 +03.478 -07.024
-01.999 -07.196 -03.335
-03.005 +08.033 +00.079
+08.957 -01.375 -01.297
+02.475 -07.976 +05.145
+00.680 -00.830 -07.899
-01.596 -00.546 -07.264
-07.942 +05.334 +03.444
+06.031 +08.599 +04.528
+08.205 +02.100 -02.077
-02.370 +09.160 -09.223
-07.265 +07.026 +04.132
+02.843 +09.903 -09.932
+03.404 -08.613 +01.221
+08.098 +03.199 -05.465
+03.855 +03.446 +08.288
-01.939 -02.145 -06.646
-00.785 -06.312 +06.478
-01.250 -06.048 +05.513
-03.180 -02.612 -08.469
-01.199 -07.203 +00.116
-02.836 -01.806 +07.297
+05.578 -03.036 +09.950
-09.389 -05.992 +06.529
-07.813 -04.604 +01.842
-04.167 +05.307 -04.415
-01.988 +02.728 +09.486
-04.983 +06.524 +07.834
+01.112 -00.352 +07.451
-06.117 -02.575 -04.192
+07.407 +09.967 +04.280
+06.517 +08.606 -02.328
-03.439 +05.390 -09.665
+05.478 +03.766 +08.936
-03.806 +04.927 +07.479
-09.305 -07.636 +07.599
+05.908 +00.088 +07.273
+01.022 -03.777 -08.885
+09.822 +06.354 +07.340
+08.189 +01.948 -06.614
+06.072 +00.072 +06.250
+02.331 +05.996 +05.675
+06.365 +04.698 -03.043
+09.889 -03.654 +05.157
+07.037 +08.199 -03.860
-08.509 -00.827 +06.549
+00.687 -03.728 -00.866
-02.693 +08.841 -05.615
+07.265 +05.759 -06.078
+03.569 -01.534 +05.031
+02.035 -07.719 -02.822
+01.156 +01.384 -03.607
-07.692 +04.495 -07.148
+03.704 -00.470 -03.931
+06.433 +06.338 -08.137
-00.326 -08.084 +07.179
+06.397 +09.202 +04.506
+04.727 -07.667 -04.817
-01.768 +07.982 -05.778
+03.022 +06.726 +03.333
+01.603 +00.880 -06.070
-06.444 +04.347 +00.524
-05.397 -01.830 -08.132
-08.473 +00.894 +07.854
+07.617 +05.060 -05.019
+07.933 -07.551 -04.001
-04.464 +05.426 -07.723
-04.676 -07.233 +03.571
-02.106 +01.152 -07.968
+09.109 -06.002 +09.759
-06.988 +05.772 -00.720
-03.041 -07.594 -09.569
+01.906 +01.897 -01.434
+06.235 +01.203 -06.086
+01.234 -08.202 -09.973
+00.813 -04.878 -07.450
+01.796 -08.829 +08.542
+07.053 -03.295 +03.942
-05.351 -01.226 -06.452
-07.979 +08.884 -00.925
-08.901 -06.304 -04.067
+09.730 +09.982 +07.355
+07.746 +06.838 +07.190
-03.800 +03.773 +04.571
-09.163 -07.394 +05.124
+02.689 -07.348 -05.512
+04.218 +06.256 -00.841
-07.527 -08.789 +04.230
+01.764 -02.524 +05.859
+09.340 -02.183 +01.812
+04.811 +02.176 +01.574
+02.569 +06.791 -09.173
+01.918 -08.054 -06.036
-06.768 -00.266 -07.488
+02.111 +01.010 -02.938
+06.000 -05.769 -02.725
+00.863 +06.522 -00.759
+04.504 -02.209 +03.144
+02.080 -00.848 +05.373
+06.553 +03.478 -07.024
-01.999 -07.196 -03.335
-03.005 +08.033 +00.079
+08.957 -01.375 -01.297
+02.475 -07.976 +05.145
+00.680 -00.830 -07.899
-01.596 -00.546 -07.264
-07.942 +05.334 +03.444
+06.031 +08.599 +04.528
+08.205 +02.100 -02.077
-02.370 +09.160 -09.223
-07.265 +07.026 +04.132
+02.843 +09.903 -09.932
+03.404 -08.613 +01.221
+08.098 +03.199 -05.465
+03.855 +03.446 +08.288
-01.939 -02.145 -06.646
-00.785 -06.312 +06.478
-01.250 -06.048 +05.513
-03.180 -02.612 -08.469
-01.199 -07.203 +00.116
-02.836 -01.806 +07.297
+05.578 -03.036 +09.950
-09.389 -05.992 +06.529
-07.813 -04.604 +01.842
-04.167 +05.307 -04.415
-01.988 +02.728 +09.486
-04.983 +06.524 +07.834
+01.112 -00.352 +07.451
-06.117 -02.575 -04.192
+07.407 +09.967 +04.280
+06.517 +08.606 -02.328
-03.439 +05.390 -09.665
+05.478 +03.766 +08.936
-03.806 +04.927 +07.479
-09.305 -07.636 +07.599
+05.908 +00.088 +07.273
+01.022 -03.777 -08.885
+09.822 +06.354 +07.340
+08.189 +01.948 -06.614
+06.072 +00.072 +06.250
+02.331 +05.996 +05.675
+06.365 +04.698 -03.043
+09.889 -03.654 +05.157
+07.037 +08.199 -03.860
-08.509 -00.827 +06.549
+00.687 -03.728 -00.866
-02.693 +08.841 -05.615
+07.265 +05.759 -06.078
+03.569 -01.534 +05.031
+02.035 -07.719 -02.822
+01.156 +01.384 -03.607
-07.692 +04.495 -07.148
+03.704 -00.470 -03.931
+06.433 +06.338 -08.137
-00.326 -08.084 +07.179
+06.397 +09.202 +04.506
+04.727 -07.667 -04.817
-01.768 +07.982 -05.778
+03.022 +06.726 +03.333
+01.603 +00.880 -06.070
-06.444 +04.347 +00.524
-05.397 -01.830 -08.132
-08.473 +00.894 +07.854
+07.617 +05.060 -05.019
+07.933 -07.551 -04.001
-04.464 +05.426 -07.723
-04.676 -07.233 +03.571
-02.106 +01.152 -07.968
+09.109 -06.002 +09.759
-06.988 +05.772 -00.720
-03.041 -07.594 -09.569
+01.906 +01.897 -01.434
+06.235 +01.203 -06.086
+01.234 -08.202 -09.973
+00.813 -04.878 -07.450
+01.796 -08.829 +08.542
+07.053 -03.295 +03.942
-05.351 -01.226 -06.452
-07.979 +08.884 -00.925
-08.901 -06.304 -04.067
+09.730 +09.982 +07.355
+07.746 +06.838 +07.190
-03.800 +03.773 +04.571
-09.163 -07.394 +05.124
+02.689 -07.348 -05.512
+04.218 +06.256 -00.841
-07.527 -08.789 +04.230
+01.764 -02.524 +05.859
+09.340 -02.183 +01.812
+04.811 +02.176 +01.574
+02.569 +06.791 -09.173
+01.918 -08.054 -06.036
-06.768 -00.266 -07.488
+02.111 +01.010 -02.938
+06.000 -05.769 -02.725
+00.863 +06.522 -00.759
+04.504 -02.209 +03.144
+02.080 -00.848 +05.373
+06.553 +03.478 -07.024
-01.999 -07.196 -03.335
-03.005 +08.033 +00.079
+08.957 -01.375 -01.297
+02.475 -07.976 +05.145
+00.680 -00.830 -07.899
-01.596 -00.546 -07.264
-07.942 +05.334 +03.444
+06.031 +08.599 +04.528
+08.205 +02.100 -02.077
-02.370 +09.160 -09.223
-07.265 +07.026 +04.132
+02.843 +09.903 -09.932
+03.404 -08.613 +01.221
+08.098 +03.199 -05.465
+03.855 +03.446 +08.288
-01.939 -02.145 -06.646
-00.785 -06.312 +06.478
-01.250 -06.048 +05.513
-03.180 -02.612 -08.469
-01.199 -07.203 +00.116
-02.836 -01.806 +07.297
+05.578 -03.036 +09.950
-09.389 -05.992 +06.529
-07.813 -04.604 +01.842
-04.167 +05.307 -04.415
-01.988 +02.728 +09.486
-04.983 +06.524 +07.834
+01.112 -00.352 +07.451
-06.117 -02.575 -04.192
+07.407 +09.967 +04.280
+06.517 +08.606 -02.328
-03.439 +05.390 -09.665
+05.478 +03.766 +08.936
-03.806 +04.927 +07.479
-09.305 -07.636 +07.599
+05.908 +00.088 +07.273
+01.022 -03.777 -08.885
+09.822 +06.354 +07.340
+08.189 +01.948 -06.614
+06.072 +00.072 +06.250
+02.331 +05.996 +05.675
+06.365 +04.698 -03.043
+09.889 -03.654 +05.157
+07.037 +08.199 -03.860
-08.509 -00.827 +06.549
+00.687 -03.728 -00.866
-02.693 +08.841 -05.615
+07.265 +05.759 -06.078
+03.569 -01.534 +05.031
+02.035 -07.719 -02.822
+01.156 +01.384 -03.607
-07.692 +04.495 -07.148
+03.704 -00.470 -03.931
+06.433 +06.338 -08.137
-00.326 -08.084 +07.179
+06.397 +09.202 +04.506
+04.727 -07.667 -04.817
-01.768 +07.982 -05.778
+03.022 +06.726 +03.333
+01.603 +00.880 -06.070
-06.444 +04.347 +00.524
-05.397 -01.830 -08.132
-08.473 +00.894 +07.854
+07.617 +05.060 -05.019
+07.933 -07.551 -04.001
-04.464 +05.426 -07.723
-04.676 -07.233 +03.571
-02.106 +01.152 -07.968
+09.109 -06.002 +09.759
-06.988 +05.772 -00.720
-03.041 -07.594 -09.569
+01.906 +01.897 -01.434
+06.235 +01.203 -06.086
+01.234 -08.202 -09.973
+00.813 -04.878 -07.450
+01.796 -08.829 +08.542
+07.053 -03.295 +03.942
-05.351 -01.226 -06.452
-07.979 +08.884 -00.925
-08.901 -06.304 -04.067
+09.730 +09.982 +07.355
+07.746 +06.838 +07.190
-03.800 +03.773 +04.571
-09.163 -07.394 +05.124
+02.689 -07.348 -05.512
+04.218 +06.256 -00.841
-07.527 -08.789 +04.230
+01.764 -02.524 +05.859
+09.340 -02.183 +01.812
+04.811 +02.176 +01.574
+02.569 +06.791 -09.173
+01.918 -08.054 -06.036
-06.768 -00.266 -07.488
+02.111 +01.010 -02.938
+06.000 -05.769 -02.725
+00.863 +06.522 -00.759
+04.504 -02.209 +03.144
+02.080 -00.848 +05.373
+06.553 +03.478 -07.024
-01.999 -07.196 -03.335
-03.005 +08.033 +00.079
+08.957 -01.375 -01.297
+02.475 -07.976 +05.145
+00.680 -00.830 -07.899
-01.596 -00.546 -07.264
-07.942 +05.334 +03.444
+06.031 +08.599 +04.528
+08.205 +02.100 -02.077
-02.370 +09.160 -09.223
-07.265 +07.026 +04.132
+02.843 +09.903 -09.932
+03.404 -08.613 +01.221
+08.098 +03.199 -05.465
+03.855 +03.446 +08.288
-01.939 -02.145 -06.646
-00.785 -06.312 +06.478
-01.250 -06.048 +05.513
-03.180 -02.612 -08.469
-01.199 -07.203 +00.116
-02.836 -01.806 +07.297
+05.578 -03.036 +09.950
-09.389 -05.992 +06.529
-07.813 -04.604 +01.842
-04.167 +05.307 -04.415
-01.988 +02.728 +09.486
-04.983 +06.524 +07.834
+01.112 -00.352 +07.451
-06.117 -02.575 -04.192
+07.407 +09.967 +04.280
+06.517 +08.606 -02.328
-03.439 +05.390 -09.665
+05.478 +03.766 +08.936
-03.806 +04.927 +07.479
-09.305 -07.636 +07.599
+05.908 +00.088 +07.273
+01.022 -03.777 -08.885
+09.822 +06.354 +07.340
+08.189 +01.948 -06.614
+06.072 +00.072 +06.250
+02.331 +05.996 +05.675
+06.365 +04.698 -03.043
+09.889 -03.654 +05.157
+07.037 +08.199 -03.860
-08.509 -00.827 +06.549
+00.687 -03.728 -00.866
-02.693 +08.841 -05.615
+07.265 +05.759 -06.078
+03.569 -01.534 +05.031
+02.035 -07.719 -02.822
+01.156 +01.384 -03.607
-07.692 +04.495 -07.148
+03.704 -00.470 -03.931
+06.433 +06.338 -08.137
-00.326 -08.084 +07.179
+06.397 +09.202 +04.506
+04.727 -07.667 -04.817
-01.768 +07.982 -05.778
+03.022 +06.726 +03.333
+01.603 +00.880 -06.070
-06.444 +04.347 +00.524
-05.397 -01.830 -08.132
-08.473 +00.894 +07.854
+07.617 +05.060 -05.019
+07.933 -07.551 -04.001
-04.464 +05.426 -07.723
-04.676 -07.233 +03.571
-02.106 +01.152 -07.968
+09.109 -06.002 +09.759
-06.988 +05.772 -00.720
-03.041 -07.594 -09.569
+01.906 +01.897 -01.434
+06.235 +01.203 -06.086
+01.234 -08.202 -09.973
+00.813 -04.878 -07.450
+01.796 -08.829 +08.542
+07.053 -03.295 +03.942
-05.351 -01.226 -06.452
-07.979 +08.884 -00.925
-08.901 -06.304 -04.067
+09.730 +09.982 +07.355
+07.746 +06.838 +07.190
-03.800 +03.773 +04.571
-09.163 -07.394 +05.124
+02.689 -07.348 -05.512
+04.218 +06.256 -00.841
-07.527 -08.789 +04.230
+01.764 -02.524 +05.859
+09.340 -02.183 +01.812
+04.811 +02.176 +01.574
+02.569 +06.791 -09.173
+01.918 -08.054 -06.036
-06.768 -00.266 -07.488
+02.111 +01.010 -02.938
+06.000 -05.769 -02.725
+00.863 +06.522 -00.759
+04.504 -02.209 +03.144
+02.080 -00.848 +05.373
+06.553 +03.478 -07.024
-01.999 -07.196 -03.335
-03.005 +08.033 +00.079
+08.957 -01.375 -01.297
+02.475 -07.976 +05.145
+00.680 -00.830 -07.899
-01.596 -00.546 -07.264
-07.942 +05.334 +03.444
+06.031 +08.599 +04.528
+08.205 +02.100 -02.077
-02.370 +09.160 -09.223
-07.265 +07.026 +04.132
+02.843 +09.903 -09.932
+03.404 -08.613 +01.221
+08.098 +03.199 -05.465
+03.855 +03.446 +08.288
-01.939 -02.145 -06.646
-00.785 -06.312 +06.478
-01.250 -06.048 +05.513
-03.180 -02.612 -08.469
-01.199 -07.203 +00.116
-02.836 -01.806 +07.297
+05.578 -03.036 +09.950
-09.389 -05.992 +06.529
-07.813 -04.604 +01.842
-04.167 +05.307 -04.415
-01.988 +02.728 +09.486
-04.983 +06.524 +07.834
+01.112 -00.352 +07.451
-06.117 -02.575 -04.192
+07.407 +09.967 +04.280
+06.517 +08.606 -02.328
-03.439 +05.390 -09.665
+05.478 +03.766 +08.936
-03.806 +04.927 +07.479
-09.305 -07.636 +07.599
+05.908 +00.088 +07.273
+01.022 -03.777 -08.885
+09.822 +06.354 +07.340
+08.189 +01.948 -06.614
+06.072 +00.072 +06.250
+02.331 +05.996 +05.675
+06.365 +04.698 -03.043
+09.889 -03.654 +05.157
+07.037 +08.199 -03.860
-08.509 -00.827 +06.549
+00.687 -03.728 -00.866
-02.693 +08.841 -05.615
+07.265 +05.759 -06.078
+03.569 -01.534 +05.031
+02.035 -07.719 -02.822
+01.156 +01.384 -03.607
-07.692 +04.495 -07.148
+03.704 -00.470 -03.931
+06.433 +06.338 -08.137
-00.326 -08.084 +07.179
+06.397 +09.202 +04.506
+04.727 -07.667 -04.817
-01.768 +07.982 -05.778
+03.022 +06.726 +03.333
+01.603 +00.880 -06.070
-06.444 +04.347 +00.524
-05.397 -01.830 -08.132
-08.473 +00.894 +07.854
+07.617 +05.060 -05.019
+07.933 -07.551 -04.001
-04.464 +05.426 -07.723
-04.676 -07.233 +03.571
-02.106 +01.152 -07.968
+09.109 -06.002 +09.759
-06.988 +05.772 -00.720
-03.041 -07.594 -09.569
+01.906 +01.897 -01.434
+06.235 +01.203 -06.086
+01.234 -08.202 -09.973
+00.813 -04.878 -07.450
+01.796 -08.829 +08.542
+07.053 -03.295 +03.942
-05.351 -01.226 -06.452
-07.979 +08.884 -00.925
-08.901 -06.304 -04.067
+09.730 +09.982 +07.355
+07.746 +06.838 +07.190
-03.800 +03.773 +04.571
-09.163 -07.394 +05.124
+02.689 -07.348 -05.512
+04.218 +06.256 -00.841
-07.527 -08.789 +04.230
+01.764 -02.524 +05.859
+09.340 -02.183 +01.812
+04.811 +02.176 +01.574
+02.569 +06.791 -09.173
+01.918 -08.054 -06.036
-06.768 -00.266 -07.488
+02.111 +01.010 -02.938
+06.000 -05.769 -02.725
+00.863 +06.522 -00.759
+04.504 -02.209 +03.144
+02.080 -00.848 +05.373
+06.553 +03.478 -07.024
-01.999 -07.196 -03.335
-03.005 +08.033 +00.079
+08.957 -01.375 -01.297
+02.475 -07.976 +05.145
+00.680 -00.830 -07.899
-01.596 -00.546 -07.264
-07.942 +05.334 +03.444
+06.031 +08.599 +04.528
+08.205 +02.100 -02.077
-02.370 +09.160 -09.223
-07.265 +07.026 +04.132
+02.843 +09.903 -09.932
+03.404 -08.613 +01.221
+08.098 +03.199 -05.465
+03.855 +03.446 +08.288
-01.939 -02.145 -06.646
-00.785 -06.312 +06.478
-01.250 -06.048 +05.513
-03.180 -02.612 -08.469
-01.199 -07.203 +00.116
-02.836 -01.806 +07.297
+05.578 -03.036 +09.950
-09.389 -05.992 +06.529
-07.813 -04.604 +01.842
-04.167 +05.307 -04.415
-01.988 +02.728 +09.486
-04.983 +06.524 +07.834
+01.112 -00.352 +07.451
-06.117 -02.575 -04.192
+07.407 +09.967 +04.280
+06.517 +08.606 -02.328
-03.439 +05.390 -09.665
+05.478 +03.766 +08.936
-03.806 +04.927 +07.479
-09.305 -07.636 +07.599
+05.908 +00.088 +07.273
+01.022 -03.777 -08.885
+09.822 +06.354 +07.340
+08.189 +01.948 -06.614
+06.072 +00.072 +06.250
+02.331 +05.996 +05.675
+06.365 +04.698 -03.043
+09.889 -03.654 +05.157
+07.037 +08.199 -03.860
-08.509 -00.827 +06.549
+00.687 -03.728 -00.866
-02.693 +08.841 -05.615
+07.265 +05.759 -06.078
+03.569 -01.534 +05.031
+02.035 -07.719 -02.822
+01.156 +01.384 -03.607
-07.692 +04.495 -07.148
+03.704 -00.470 -03.931
+06.433 +06.338 -08.137
-00.326 -08.084 +07.179
+06.397 +09.202 +04.506
+04.727 -07.667 -04.817
-01.768 +07.982 -05.778
+03.022 +06.726 +03.333
+01.603 +00.880 -06.070
-06.444 +04.347 +00.524
-05.397 -01.830 -08.132
-08.473 +00.894 +07.854
+07.617 +05.060 -05.019
+07.933 -07.551 -04.001
-04.464 +05.426 -07.723
-04.676 -07.233 +03.571
-02.106 +01.152 -07.968
+09.109 -06.002 +09.759
-06.988 +05.772 -00.720
-03.041 -07.594 -09.569
+01.906 +01.897 -01.434
+06.235 +01.203 -06.086
+01.234 -08.202 -09.973
+00.813 -04.878 -07.450
+01.796 -08.829 +08.542
+07.053 -03.295 +03.942
-05.351 -01.226 -06.452
-07.979 +08.884 -00.925
-08.901 -06.304 -04.067
+09.730 +09.982 +07.355
+07.746 +06.838 +07.190
-03.800 +03.773 +04.571
-09.163 -07.394 +05.124
+02.689 -07.348 -05.512
+04.218 +06.256 -00.841
-07.527 -08.789 +04.230
+01.764 -02.524 +05.859
+09.340 -02.183 +01.812
+04.811 +02.176 +01.574
+02.569 +06.791 -09.173
+01.918 -08.054 -06.036
-06.768 -00.266 -07.488
+02.111 +01.010 -02.938
+06.000 -05.769 -02.725
+00.863 +06.522 -00.759
+04.504 -02.209 +03.144
+02.080 -00.848 +05.373
+06.553 +03.478 -07.024
-01.999 -07.196 -03.335
-03.005 +08.033 +00.079
+08.957 -01.375 -01.297
+02.475 -07.976 +05.145
+00.680 -00.830 -07.899
-01.596 -00.546 -07.264
-07.942 +05.334 +03.444
+06.031 +08.599 +04.528
+08.205 +02.100 -02.077
-02.370 +09.160 -09.223
-07.265 +07.026 +04.132
+02.843 +09.903 -09.932
+03.404 -08.613 +01.221
+08.098 +03.199 -05.465
+03.855 +03.446 +08.288
-01.939 -02.145 -06.646
-00.785 -06.312 +06.478
-01.250 -06.048 +05.513
-03.180 -02.612 -08.469
-01.199 -07.203 +00.116
-02.836 -01.806 +07.297
+05.578 -03.036 +09.950
-09.389 -05.992 +06.529
-07.813 -04.604 +01.842
-04.167 +05.307 -04.415
-01.988 +02.728 +09.486
-04.983 +06.524 +07.834
+01.112 -00.352 +07.451
-06.117 -02.575 -04.192
+07.407 +09.967 +04.280
+06.517 +08.606 -02.328
-03.439 +05.390 -09.665
+05.478 +03.766 +08.936
-03.806 +04.927 +07.479
-09.305 -07.636 +07.599
+05.908 +00.088 +07.273
+01.022 -03.777 -08.885
+09.822 +06.354 +07.340
+08.189 +01.948 -06.614
+06.072 +00.072 +06.250
+02.331 +05.996 +05.675
+06.365 +04.698 -03.043
+09.889 -03.654 +05.157
+07.037 +08.199 -03.860
-08.509 -00.827 +06.549
+00.687 -03.728 -00.866
-02.693 +08.841 -05.615
+07.265 +05.759 -06.078
+03.569 -01.534 +05.031
+02.035 -07.719 -02.822
+01.156 +01.384 -03.607
-07.692 +04.495 -07.148
+03.704 -00.470 -03.931
+06.433 +06.338 -08.137
-00.326 -08.084 +07.179
+06.397 +09.202 +04.506
+04.727 -07.667 -04.817
-01.768 +07.982 -05.778
+03.022 +06.726 +03.333
+01.603 +00.880 -06.070
-06.444 +04.347 +00.524
-05.397 -01.830 -08.132
-08.473 +00.894 +07.854
+07.617 +05.060 -05.019
+07.933 -07.551 -04.001
-04.464 +05.426 -07.723
-04.676 -07.233 +03.571
-02.106 +01.152 -07.968
+09.109 -06.002 +09.759
-06.988 +05.772 -00.720
-03.041 -07.594 -09.569
+01.906 +01.897 -01.434
+06.235 +01.203 -06.086
+01.234 -08.202 -09.973
+00.813 -04.878 -07.450
+01.796 -08.829 +08.542
+07.053 -03.295 +03.942
-05.351 -01.226 -06.452
-07.979 +08.884 -00.925
-08.901 -06.304 -04.067
-00.747 -05.989 +07.252
-00.747 -05.989 +07.252
-00.747 -05.989 +07.252
-00.747 -05.989 +07.252
-00.747 -05.989 +07.252
-00.747 -05.989 +07.252
-00.747 -05.989 +07.252
-00.747 -05.989 +07.252
-00.747 -05.989 +07.252
+09.730 +09.982 +07.355
-00.747 -05.989 +07.252
+09.730 +09.982 +07.355
+07.746 +06.838 +07.190
-03.800 +03.773 +04.571
-09.163 -07.394 +05.124
+02.689 -07.348 -05.512
+04.218 +06.256 -00.841
-07.527 -08.789 +04.230
+01.764 -02.524 +05.859
+09.340 -02.183 +01.812
+04.811 +02.176 +01.574
+02.569 +06.791 -09.173
+01.918 -08.054 -06.036
-06.768 -00.266 -07.488
+02.111 +01.010 -02.938
+06.000 -05.769 -02.725
+00.863 +06.522 -00.759
+04.504 -02.209 +03.144
+02.080 -00.848 +05.373
+06.553 +03.478 -07.024
-01.999 -07.196 -03.335
-03.005 +08.033 +00.079
+08.957 -01.375 -01.297
+02.475 -07.976 +05.145
+00.680 -00.830 -07.899
-01.596 -00.546 -07.264
-07.942 +05.334 +03.444
+06.031 +08.599 +04.528
+08.205 +02.100 -02.077
-02.370 +09.160 -09.223
-07.265 +07.026 +04.132
+02.843 +09.903 -09.932
+03.404 -08.613 +01.221
+08.098 +03.199 -05.465
+03.855 +03.446 +08.288
-01.939 -02.145 -06.646
-00.785 -06.312 +06.478
-01.250 -06.048 +05.513
-03.180 -02.612 -08.469
-01.199 -07.203 +00.116
-02.836 -01.806 +07.297
+05.578 -03.036 +09.950
-09.389 -05.992 +06.529
-07.813 -04.604 +01.842
-04.167 +05.307 -04.415
-01.988 +02.728 +09.486
-04.983 +06.524 +07.834
+01.112 -00.352 +07.451
-06.117 -02.575 -04.192
+07.407 +09.967 +04.280
+06.517 +08.606 -02.328
-03.439 +05.390 -09.665
+05.478 +03.766 +08.936
-03.806 +04.927 +07.479
-09.305 -07.636 +07.599
+05.908 +00.088 +07.273
+01.022 -03.777 -08.885
+09.822 +06.354 +07.340
+08.189 +01.948 -06.614
+06.072 +00.072 +06.250
+02.331 +05.996 +05.675
+06.365 +04.698 -03.043
+09.889 -03.654 +05.157
+07.037 +08.199 -03.860
-08.509 -00.827 +06.549
+00.687 -03.728 -00.866
-02.693 +08.841 -05.615
+07.265 +05.759 -06.078
+03.569 -01.534 +05.031
+02.035 -07.719 -02.822
+01.156 +01.384 -03.607
-07.692 +04.495 -07.148
+03.704 -00.470 -03.931
+06.433 +06.338 -08.137
-00.326 -08.084 +07.179
+06.397 +09.202 +04.506
+04.727 -07.667 -04.817
-01.768 +07.982 -05.778
+03.022 +06.726 +03.333
+01.603 +00.880 -06.070
-06.444 +04.347 +00.524
-05.397 -01.830 -08.132
-08.473 +00.894 +07.854
+07.617 +05.060 -05.019
+07.933 -07.551 -04.001
-04.464 +05.426 -07.723
-04.676 -07.233 +03.571
-02.106 +01.152 -07.968
+09.109 -06.002 +09.759
-06.988 +05.772 -00.720
-03.041 -07.594 -09.569
+01.906 +01.897 -01.434
+06.235 +01.203 -06.086
+01.234 -08.202 -09.973
+00.813 -04.878 -07.450
+01.796 -08.829 +08.542
+07.053 -03.295 +03.942
-05.351 -01.226 -06.452
-07.979 +08.884 -00.925
-08.901 -06.304 -04.067
+07.746 +06.838 +07.190
-03.800 +03.773 +04.571
-09.163 -07.394 +05.124
+02.689 -07.348 -05.512
+04.218 +06.256 -00.841
-07.527 -08.789 +04.230
+01.764 -02.524 +05.859
+09.340 -02.183 +01.812
+04.811 +02.176 +01.574
+02.569 +06.791 -09.173
+01.918 -08.054 -06.036
-06.768 -00.266 -07.488
+02.111 +01.010 -02.938
+06.000 -05.769 -02.725
+00.863 +06.522 -00.759
+04.504 -02.209 +03.144
+02.080 -00.848 +05.373
+06.553 +03.478 -07.024
-01.999 -07.196 -03.335
-03.005 +08.033 +00.079
+08.957 -01.375 -01.297
+02.475 -07.976 +05.145
+00.680 -00.830 -07.899
-01.596 -00.546 -07.264
-07.942 +05.334 +03.444
+06.031 +08.599 +04.528
+08.205 +02.100 -02.077
-02.370 +09.160 -09.223
-07.265 +07.026 +04.132
+02.843 +09.903 -09.932
+03.404 -08.613 +01.221
+08.098 +03.199 -05.465
+03.855 +03.446 +08.288
-01.939 -02.145 -06.646
-00.785 -06.312 +06.478
-01.250 -06.048 +05.513
-03.180 -02.612 -08.469
-01.199 -07.203 +00.116
-02.836 -01.806 +07.297
+05.578 -03.036 +09.950
-09.389 -05.992 +06.529
-07.813 -04.604 +01.842
-04.167 +05.307 -04.415
-01.988 +02.728 +09.486
-04.983 +06.524 +07.834
+01.112 -00.352 +07.451
-06.117 -02.575 -04.192
+07.407 +09.967 +04.280
+06.517 +08.606 -02.328
-03.439 +05.390 -09.665
+05.478 +03.766 +08.936
-03.806 +04.927 +07.479
-09.305 -07.636 +07.599
+05.908 +00.088 +07.273
+01.022 -03.777 -08.885
+09.822 +06.354 +07.340
+08.189 +01.948 -06.614
+06.072 +00.072 +06.250
+02.331 +05.996 +05.675
+06.365 +04.698 -03.043
+09.889 -03.654 +05.157
+07.037 +08.199 -03.860
-08.509 -00.827 +06.549
+00.687 -03.728 -00.866
-02.693 +08.841 -05.615
+07.265 +05.759 -06.078
+03.569 -01.534 +05.031
+02.035 -07.719 -02.822
+01.156 +01.384 -03.607
-07.692 +04.495 -07.148
+03.704 -00.470 -03.931
+06.433 +06.338 -08.137
-00.326 -08.084 +07.179
+06.397 +09.202 +04.506
+04.727 -07.667 -04.817
-01.768 +07.982 -05.778
+03.022 +06.726 +03.333
+01.603 +00.880 -06.070
-06.444 +04.347 +00.524
-05.397 -01.830 -08.132
-08.473 +00.894 +07.854
+07.617 +05.060 -05.019
+07.933 -07.551 -04.001
-04.464 +05.426 -07.723
-04.676 -07.233 +03.571
-02.106 +01.152 -07.968
+09.109 -06.002 +09.759
-06.988 +05.772 -00.720
-03.041 -07.594 -09.569
+01.906 +01.897 -01.434
+06.235 +01.203 -06.086
+01.234 -08.202 -09.973
+00.813 -04.878 -07.450
+01.796 -08.829 +08.542
+07.053 -03.295 +03.942
-05.351 -01.226 -06.452
-07.979 +08.884 -00.925
-08.901 -06.304 -04.067
+09.730 +09.982 +07.355
+07.746 +06.838 +07.190
-03.800 +03.773 +04.571
-09.163 -07.394 +05.124
+02.689 -07.348 -05.512
+04.218 +06.256 -00.841
-07.527 -08.789 +04.230
+01.764 -02.524 +05.859
+09.340 -02.183 +01.812
+04.811 +02.176 +01.574
+02.569 +06.791 -09.173
+01.918 -08.054 -06.036
-06.768 -00.266 -07.488
+02.111 +01.010 -02.938
+06.000 -05.769 -02.725
+00.863 +06.522 -00.759
+04.504 -02.209 +03.144
+02.080 -00.848 +05.373
+06.553 +03.478 -07.024
-01.999 -07.196 -03.335
-03.005 +08.033 +00.079
+08.957 -01.375 -01.297
+02.475 -07.976 +05.145
+00.680 -00.830 -07.899
-01.596 -00.546 -07.264
-07.942 +05.334 +03.444
+06.031 +08.599 +04.528
+08.205 +02.100 -02.077
-02.370 +09.160 -09.223
-07.265 +07.026 +04.132
+02.843 +09.903 -09.932
+03.404 -08.613 +01.221
+08.098 +03.199 -05.465
+03.855 +03.446 +08.288
-01.939 -02.145 -06.646
-00.785 -06.312 +06.478
-01.250 -06.048 +05.513
-03.180 -02.612 -08.469
-01.199 -07.203 +00.116
-02.836 -01.806 +07.297
+05.578 -03.036 +09.950
-09.389 -05.992 +06.529
-07.813 -04.604 +01.842
-04.167 +05.307 -04.415
-01.988 +02.728 +09.486
-04.983 +06.524 +07.834
+01.112 -00.352 +07.451
-06.117 -02.575 -04.192
+07.407 +09.967 +04.280
+06.517 +08.606 -02.328
-03.439 +05.390 -09.665
+05.478 +03.766 +08.936
-03.806 +04.927 +07.479
-09.305 -07.636 +07.599
+05.908 +00.088 +07.273
+01.022 -03.777 -08.885
+09.822 +06.354 +07.340
+08.189 +01.948 -06.614
+06.072 +00.072 +06.250
+02.331 +05.996 +05.675
+06.365 +04.698 -03.043
+09.889 -03.654 +05.157
+07.037 +08.199 -03.860
-08.509 -00.827 +06.549
+00.687 -03.728 -00.866
-02.693 +08.841 -05.615
+07.265 +05.759 -06.078
+03.569 -01.534 +05.031
+02.035 -07.719 -02.822
+01.156 +01.384 -03.607
-07.692 +04.495 -07.148
+03.704 -00.470 -03.931
+06.433 +06.338 -08.137
-00.326 -08.084 +07.179
+06.397 +09.202 +04.506
+04.727 -07.667 -04.817
-01.768 +07.982 -05.778
+03.022 +06.726 +03.333
+01.603 +00.880 -06.070
-06.444 +04.347 +00.524
-05.397 -01.830 -08.132
-08.473 +00.894 +07.854
+07.617 +05.060 -05.019
+07.933 -07.551 -04.001
-04.464 +05.426 -07.723
-04.676 -07.233 +03.571
-02.106 +01.152 -07.968
+09.109 -06.002 +09.759
-06.988 +05.772 -00.720
-03.041 -07.594 -09.569
+01.906 +01.897 -01.434
+06.235 +01.203 -06.086
+01.234 -08.202 -09.973
+00.813 -04.878 -07.450
+01.796 -08.829 +08.542
+07.053 -03.295 +03.942
-05.351 -01.226 -06.452
-07.979 +08.884 -00.925
-08.901 -06.304 -04.067
+09.730 +09.982 +07.355
+07.746 +06.838 +07.190
-03.800 +03.773 +04.571
-09.163 -07.394 +05.124
+02.689 -07.348 -05.512
+04.218 +06.256 -00.841
-07.527 -08.789 +04.230
+01.764 -02.524 +05.859
+09.340 -02.183 +01.812
+04.811 +02.176 +01.574
+02.569 +06.791 -09.173
+01.918 -08.054 -06.036
-06.768 -00.266 -07.488
+02.111 +01.010 -02.938
+06.000 -05.769 -02.725
+00.863 +06.522 -00.759
+04.504 -02.209 +03.144
+02.080 -00.848 +05.373
+06.553 +03.478 -07.024
-01.999 -07.196 -03.335
-03.005 +08.033 +00.079
+08.957 -01.375 -01.297
+02.475 -07.976 +05.145
+00.680 -00.830 -07.899
-01.596 -00.546 -07.264
-07.942 +05.334 +03.444
+06.031 +08.599 +04.528
+08.205 +02.100 -02.077
-02.370 +09.160 -09.223
-07.265 +07.026 +04.132
+02.843 +09.903 -09.932
+03.404 -08.613 +01.221
+08.098 +03.199 -05.465
+03.855 +03.446 +08.288
-01.939 -02.145 -06.646
-00.785 -06.312 +06.478
-01.250 -06.048 +05.513
-03.180 -02.612 -08.469
-01.199 -07.203 +00.116
-02.836 -01.806 +07.297
+05.578 -03.036 +09.950
-09.389 -05.992 +06.529
-07.813 -04.604 +01.842
-04.167 +05.307 -04.415
-01.988 +02.728 +09.486
-04.983 +06.524 +07.834
+01.112 -00.352 +07.451
-06.117 -02.575 -04.192
+07.407 +09.967 +04.280
+06.517 +08.606 -02.328
-03.439 +05.390 -09.665
+05.478 +03.766 +08.936
-03.806 +04.927 +07.479
-09.305 -07.636 +07.599
+05.908 +00.088 +07.273
+01.022 -03.777 -08.885
+09.822 +06.354 +07.340
+08.189 +01.948 -06.614
+06.072 +00.072 +06.250
+02.331 +05.996 +05.675
+06.365 +04.698 -03.043
+09.889 -03.654 +05.157
+07.037 +08.199 -03.860
-08.509 -00.827 +06.549
+00.687 -03.728 -00.866
-02.693 +08.841 -05.615
+07.265 +05.759 -06.078
+03.569 -01.534 +05.031
+02.035 -07.719 -02.822
+01.156 +01.384 -03.607
-07.692 +04.495 -07.148
+03.704 -00.470 -03.931
+06.433 +06.338 -08.137
-00.326 -08.084 +07.179
+06.397 +09.202 +04.506
+04.727 -07.667 -04.817
-01.768 +07.982 -05.778
+03.022 +06.726 +03.333
+01.603 +00.880 -06.070
-06.444 +04.347 +00.524
-05.397 -01.830 -08.132
-08.473 +00.894 +07.854
+07.617 +05.060 -05.019
+07.933 -07.551 -04.001
-04.464 +05.426 -07.723
-04.676 -07.233 +03.571
-02.106 +01.152 -07.968
+09.109 -06.002 +09.759
-06.988 +05.772 -00.720
-03.041 -07.594 -09.569
+01.906 +01.897 -01.434
+06.235 +01.203 -06.086
+01.234 -08.202 -09.973
+00.813 -04.878 -07.450
+01.796 -08.829 +08.542
+07.053 -03.295 +03.942
-05.351 -01.226 -06.452
-07.979 +08.884 -00.925
-08.901 -06.304 -04.067
+09.730 +09.982 +07.355
+07.746 +06.838 +07.190
-03.800 +03.773 +04.571
-09.163 -07.394 +05.124
+02.689 -07.348 -05.512
+04.218 +06.256 -00.841
-07.527 -08.789 +04.230
+01.764 -02.524 +05.859
+09.340 -02.183 +01.812
+04.811 +02.176 +01.574
+02.569 +06.791 -09.173
+01.918 -08.054 -06.036
-06.768 -00.266 -07.488
+02.111 +01.010 -02.938
+06.000 -05.769 -02.725
+00.863 +06.522 -00.759
+04.504 -02.209 +03.144
+02.080 -00.848 +05.373
+06.553 +03.478 -07.024
-01.999 -07.196 -03.335
-03.005 +08.033 +00.079
+08.957 -01.375 -01.297
+02.475 -07.976 +05.145
+00.680 -00.830 -07.899
-01.596 -00.546 -07.264
-07.942 +05.334 +03.444
+06.031 +08.599 +04.528
+08.205 +02.100 -02.077
-02.370 +09.160 -09.223
-07.265 +07.026 +04.132
+02.843 +09.903 -09.932
+03.404 -08.613 +01.221
+08.098 +03.199 -05.465
+03.855 +03.446 +08.288
-01.939 -02.145 -06.646
-00.785 -06.312 +06.478
-01.250 -06.048 +05.513
-03.180 -02.612 -08.469
-01.199 -07.203 +00.116
-02.836 -01.806 +07.297
+05.578 -03.036 +09.950
-09.389 -05.992 +06.529
-07.813 -04.604 +01.842
-04.167 +05.307 -04.415
-01.988 +02.728 +09.486
-04.983 +06.524 +07.834
+01.112 -00.352 +07.451
-06.117 -02.575 -04.192
+07.407 +09.967 +04.280
+06.517 +08.606 -02.328
-03.439 +05.390 -09.665
+05.478 +03.766 +08.936
-03.806 +04.927 +07.479
-09.305 -07.636 +07.599
+05.908 +00.088 +07.273
+01.022 -03.777 -08.885
+09.822 +06.354 +07.340
+08.189 +01.948 -06.614
+06.072 +00.072 +06.250
+02.331 +05.996 +05.675
+06.365 +04.698 -03.043
+09.889 -03.654 +05.157
+07.037 +08.199 -03.860
-08.509 -00.827 +06.549
+00.687 -03.728 -00.866
-02.693 +08.841 -05.615
+07.265 +05.759 -06.078
+03.569 -01.534 +05.031
+02.035 -07.719 -02.822
+01.156 +01.384 -03.607
-07.692 +04.495 -07.148
+03.704 -00.470 -03.931
+06.433 +06.338 -08.137
-00.326 -08.084 +07.179
+06.397 +09.202 +04.506
+04.727 -07.667 -04.817
-01.768 +07.982 -05.778
+03.022 +06.726 +03.333
+01.603 +00.880 -06.070
-06.444 +04.347 +00.524
-05.397 -01.830 -08.132
-08.473 +00.894 +07.854
+07.617 +05.060 -05.019
+07.933 -07.551 -04.001
-04.464 +05.426 -07.723
-04.676 -07.233 +03.571
-02.106 +01.152 -07.968
+09.109 -06.002 +09.759
-06.988 +05.772 -00.720
-03.041 -07.594 -09.569
+01.906 +01.897 -01.434
+06.235 +01.203 -06.086
+01.234 -08.202 -09.973
+00.813 -04.878 -07.450
+01.796 -08.829 +08.542
+07.053 -03.295 +03.942
-05.351 -01.226 -06.452
-07.979 +08.884 -00.925
-08.901 -06.304 -04.067
+09.730 +09.982 +07.355
+07.746 +06.838 +07.190
-03.800 +03.773 +04.571
-09.163 -07.394 +05.124
+02.689 -07.348 -05.512
+04.218 +06.256 -00.841
-07.527 -08.789 +04.230
+01.764 -02.524 +05.859
+09.340 -02.183 +01.812
+04.811 +02.176 +01.574
+02.569 +06.791 -09.173
+01.918 -08.054 -06.036
-06.768 -00.266 -07.488
+02.111 +01.010 -02.938
+06.000 -05.769 -02.725
+00.863 +06.522 -00.759
+04.504 -02.209 +03.144
+02.080 -00.848 +05.373
+06.553 +03.478 -07.024
-01.999 -07.196 -03.335
-03.005 +08.033 +00.079
+08.957 -01.375 -01.297
+02.475 -07.976 +05.145
+00.680 -00.830 -07.899
-01.596 -00.546 -07.264
-07.942 +05.334 +03.444
+06.031 +08.599 +04.528
+08.205 +02.100 -02.077
-02.370 +09.160 -09.223
-07.265 +07.026 +04.132
+02.843 +09.903 -09.932
+03.404 -08.613 +01.221
+08.098 +03.199 -05.465
+03.855 +03.446 +08.288
-01.939 -02.145 -06.646
-00.785 -06.312 +06.478
-01.250 -06.048 +05.513
-03.180 -02.612 -08.469
-01.199 -07.203 +00.116
-02.836 -01.806 +07.297
+05.578 -03.036 +09.950
-09.389 -05.992 +06.529
-07.813 -04.604 +01.842
-04.167 +05.307 -04.415
-01.988 +02.728 +09.486
-04.983 +06.524 +07.834
+01.112 -00.352 +07.451
-06.117 -02.575 -04.192
+07.407 +09.967 +04.280
+06.517 +08.606 -02.328
-03.439 +05.390 -09.665
+05.478 +03.766 +08.936
-03.806 +04.927 +07.479
-09.305 -07.636 +07.599
+05.908 +00.088 +07.273
+01.022 -03.777 -08.885
+09.822 +06.354 +07.340
+08.189 +01.948 -06.614
+06.072 +00.072 +06.250
+02.331 +05.996 +05.675
+06.365 +04.698 -03.043
+09.889 -03.654 +05.157
+07.037 +08.199 -03.860
-08.509 -00.827 +06.549
+00.687 -03.728 -00.866
-02.693 +08.841 -05.615
+07.265 +05.759 -06.078
+03.569 -01.534 +05.031
+02.035 -07.719 -02.822
+01.156 +01.384 -03.607
-07.692 +04.495 -07.148
+03.704 -00.470 -03.931
+06.433 +06.338 -08.137
-00.326 -08.084 +07.179
+06.397 +09.202 +04.506
+04.727 -07.667 -04.817
-01.768 +07.982 -05.778
+03.022 +06.726 +03.333
+01.603 +00.880 -06.070
-06.444 +04.347 +00.524
-05.397 -01.830 -08.132
-08.473 +00.894 +07.854
+07.617 +05.060 -05.019
+07.933 -07.551 -04.001
-04.464 +05.426 -07.723
-04.676 -07.233 +03.571
-02.106 +01.152 -07.968
+09.109 -06.002 +09.759
-06.988 +05.772 -00.720
-03.041 -07.594 -09.569
+01.906 +01.897 -01.434
+06.235 +01.203 -06.086
+01.234 -08.202 -09.973
+00.813 -04.878 -07.450
+01.796 -08.829 +08.542
+07.053 -03.295 +03.942
-05.351 -01.226 -06.452
-07.979 +08.884 -00.925
-08.901 -06.304 -04.067
+09.730 +09.982 +07.355
+07.746 +06.838 +07.190
-03.800 +03.773 +04.571
-09.163 -07.394 +05.124
+02.689 -07.348 -05.512
+04.218 +06.256 -00.841
-07.527 -08.789 +04.230
+01.764 -02.524 +05.859
+09.340 -02.183 +01.812
+04.811 +02.176 +01.574
+02.569 +06.791 -09.173
+01.918 -08.054 -06.036
-06.768 -00.266 -07.488
+02.111 +01.010 -02.938
+06.000 -05.769 -02.725
+00.863 +06.522 -00.759
+04.504 -02.209 +03.144
+02.080 -00.848 +05.373
+06.553 +03.478 -07.024
-01.999 -07.196 -03.335
-03.005 +08.033 +00.079
+08.957 -01.375 -01.297
+02.475 -07.976 +05.145
+00.680 -00.830 -07.899
-01.596 -00.546 -07.264
-07.942 +05.334 +03.444
+06.031 +08.599 +04.528
+08.205 +02.100 -02.077
-02.370 +09.160 -09.223
-07.265 +07.026 +04.132
+02.843 +09.903 -09.932
+03.404 -08.613 +01.221
+08.098 +03.199 -05.465
+03.855 +03.446 +08.288
-01.939 -02.145 -06.646
-00.785 -06.312 +06.478
-01.250 -06.048 +05.513
-03.180 -02.612 -08.469
-01.199 -07.203 +00.116
-02.836 -01.806 +07.297
+05.578 -03.036 +09.950
-09.389 -05.992 +06.529
-07.813 -04.604 +01.842
-04.167 +05.307 -04.415
-01.988 +02.728 +09.486
-04.983 +06.524 +07.834
+01.112 -00.352 +07.451
-06.117 -02.575 -04.192
+07.407 +09.967 +04.280
+06.517 +08.606 -02.328
-03.439 +05.390 -09.665
+05.478 +03.766 +08.936
-03.806 +04.927 +07.479
-09.305 -07.636 +07.599
+05.908 +00.088 +07.273
+01.022 -03.777 -08.885
+09.822 +06.354 +07.340
+08.189 +01.948 -06.614
+06.072 +00.072 +06.250
+02.331 +05.996 +05.675
+06.365 +04.698 -03.043
+09.889 -03.654 +05.157
+07.037 +08.199 -03.860
-08.509 -00.827 +06.549
+00.687 -03.728 -00.866
-02.693 +08.841 -05.615
+07.265 +05.759 -06.078
+03.569 -01.534 +05.031
+02.035 -07.719 -02.822
+01.156 +01.384 -03.607
-07.692 +04.495 -07.148
+03.704 -00.470 -03.931
+06.433 +06.338 -08.137
-00.326 -08.084 +07.179
+06.397 +09.202 +04.506
+04.727 -07.667 -04.817
-01.768 +07.982 -05.778
+03.022 +06.726 +03.333
+01.603 +00.880 -06.070
-06.444 +04.347 +00.524
-05.397 -01.830 -08.132
-08.473 +00.894 +07.854
+07.617 +05.060 -05.019
+07.933 -07.551 -04.001
-04.464 +05.426 -07.723
-04.676 -07.233 +03.571
-02.106 +01.152 -07.968
+09.109 -06.002 +09.759
-06.988 +05.772 -00.720
-03.041 -07.594 -09.569
+01.906 +01.897 -01.434
+06.235 +01.203 -06.086
+01.234 -08.202 -09.973
+00.813 -04.878 -07.450
+01.796 -08.829 +08.542
+07.053 -03.295 +03.942
-05.351 -01.226 -06.452
-07.979 +08.884 -00.925
-08.901 -06.304 -04.067
+09.730 +09.982 +07.355
+07.746 +06.838 +07.190
-03.800 +03.773 +04.571
-09.163 -07.394 +05.124
+02.689 -07.348 -05.512
+04.218 +06.256 -00.841
-07.527 -08.789 +04.230
+01.764 -02.524 +05.859
+09.340 -02.183 +01.812
+04.811 +02.176 +01.574
+02.569 +06.791 -09.173
+01.918 -08.054 -06.036
-06.768 -00.266 -07.488
+02.111 +01.010 -02.938
+06.000 -05.769 -02.725
+00.863 +06.522 -00.759
+04.504 -02.209 +03.144
+02.080 -00.848 +05.373
+06.553 +03.478 -07.024
-01.999 -07.196 -03.335
-03.005 +08.033 +00.079
+08.957 -01.375 -01.297
+02.475 -07.976 +05.145
+00.680 -00.830 -07.899
-01.596 -00.546 -07.264
-07.942 +05.334 +03.444
+06.031 +08.599 +04.528
+08.205 +02.100 -02.077
-02.370 +09.160 -09.223
-07.265 +07.026 +04.132
+02.843 +09.903 -09.932
+03.404 -08.613 +01.221
+08.098 +03.199 -05.465
+03.855 +03.446 +08.288
-01.939 -02.145 -06.646
-00.785 -06.312 +06.478
-01.250 -06.048 +05.513
-03.180 -02.612 -08.469
-01.199 -07.203 +00.116
-02.836 -01.806 +07.297
+05.578 -03.036 +09.950
-09.389 -05.992 +06.529
-07.813 -04.604 +01.842
-04.167 +05.307 -04.415
-01.988 +02.728 +09.486
-04.983 +06.524 +07.834
+01.112 -00.352 +07.451
-06.117 -02.575 -04.192
+07.407 +09.967 +04.280
+06.517 +08.606 -02.328
-03.439 +05.390 -09.665
+05.478 +03.766 +08.936
-03.806 +04.927 +07.479
-09.305 -07.636 +07.599
+05.908 +00.088 +07.273
+01.022 -03.777 -08.885
+09.822 +06.354 +07.340
+08.189 +01.948 -06.614
+06.072 +00.072 +06.250
+02.331 +05.996 +05.675
+06.365 +04.698 -03.043
+09.889 -03.654 +05.157
+07.037 +08.199 -03.860
-08.509 -00.827 +06.549
+00.687 -03.728 -00.866
-02.693 +08.841 -05.615
+07.265 +05.759 -06.078
+03.569 -01.534 +05.031
+02.035 -07.719 -02.822
+01.156 +01.384 -03.607
-07.692 +04.495 -07.148
+03.704 -00.470 -03.931
+06.433 +06.338 -08.137
-00.326 -08.084 +07.179
+06.397 +09.202 +04.506
+04.727 -07.667 -04.817
-01.768 +07.982 -05.778
+03.022 +06.726 +03.333
+01.603 +00.880 -06.070
-06.444 +04.347 +00.524
-05.397 -01.830 -08.132
-08.473 +00.894 +07.854
+07.617 +05.060 -05.019
+07.933 -07.551 -04.001
-04.464 +05.426 -07.723
-04.676 -07.233 +03.571
-02.106 +01.152 -07.968
+09.109 -06.002 +09.759
-06.988 +05.772 -00.720
-03.041 -07.594 -09.569
+01.906 +01.897 -01.434
+06.235 +01.203 -06.086
+01.234 -08.202 -09.973
+00.813 -04.878 -07.450
+01.796 -08.829 +08.542
+07.053 -03.295 +03.942
-05.351 -01.226 -06.452
-07.979 +08.884 -00.925
-08.901 -06.304 -04.067
+09.730 +09.982 +07.355
+07.746 +06.838 +07.190
-03.800 +03.773 +04.571
-09.163 -07.394 +05.124
+02.689 -07.348 -05.512
+04.218 +06.256 -00.841
-07.527 -08.789 +04.230
+01.764 -02.524 +05.859
+09.340 -02.183 +01.812
+04.811 +02.176 +01.574
+02.569 +06.791 -09.173
+01.918 -08.054 -06.036
-06.768 -00.266 -07.488
+02.111 +01.010 -02.938
+06.000 -05.769 -02.725
+00.863 +06.522 -00.759
+04.504 -02.209 +03.144
+02.080 -00.848 +05.373
+06.553 +03.478 -07.024
-01.999 -07.196 -03.335
-03.005 +08.033 +00.079
+08.957 -01.375 -01.297
+02.475 -07.976 +05.145
+00.680 -00.830 -07.899
-01.596 -00.546 -07.264
-07.942 +05.334 +03.444
+06.031 +08.599 +04.528
+08.205 +02.100 -02.077
-02.370 +09.160 -09.223
-07.265 +07.026 +04.132
+02.843 +09.903 -09.932
+03.404 -08.613 +01.221
+08.098 +03.199 -05.465
+03.855 +03.446 +08.288
-01.939 -02.145 -06.646
-00.785 -06.312 +06.478
-01.250 -06.048 +05.513
-03.180 -02.612 -08.469
-01.199 -07.203 +00.116
-02.836 -01.806 +07.297
+05.578 -03.036 +09.950
-09.389 -05.992 +06.529
-07.813 -04.604 +01.842
-04.167 +05.307 -04.415
-01.988 +02.728 +09.486
-04.983 +06.524 +07.834
+01.112 -00.352 +07.451
-06.117 -02.575 -04.192
+07.407 +09.967 +04.280
+06.517 +08.606 -02.328
-03.439 +05.390 -09.665
+05.478 +03.766 +08.936
-03.806 +04.927 +07.479
-09.305 -07.636 +07.599
+05.908 +00.088 +07.273
+01.022 -03.777 -08.885
+09.822 +06.354 +07.340
+08.189 +01.948 -06.614
+06.072 +00.072 +06.250
+02.331 +05.996 +05.675
+06.365 +04.698 -03.043
+09.889 -03.654 +05.157
+07.037 +08.199 -03.860
-08.509 -00.827 +06.549
+00.687 -03.728 -00.866
-02.693 +08.841 -05.615
+07.265 +05.759 -06.078
+03.569 -01.534 +05.031
+02.035 -07.719 -02.822
+01.156 +01.384 -03.607
-07.692 +04.495 -07.148
+03.704 -00.470 -03.931
+06.433 +06.338 -08.137
-00.326 -08.084 +07.179
+06.397 +09.202 +04.506
+04.727 -07.667 -04.817
-01.768 +07.982 -05.778
+03.022 +06.726 +03.333
+01.603 +00.880 -06.070
-06.444 +04.347 +00.524
-05.397 -01.830 -08.132
-08.473 +00.894 +07.854
+07.617 +05.060 -05.019
+07.933 -07.551 -04.001
-04.464 +05.426 -07.723
-04.676 -07.233 +03.571
-02.106 +01.152 -07.968
+09.109 -06.002 +09.759
-06.988 +05.772 -00.720
-03.041 -07.594 -09.569
+01.906 +01.897 -01.434
+06.235 +01.203 -06.086
+01.234 -08.202 -09.973
+00.813 -04.878 -07.450
+01.796 -08.829 +08.542
+07.053 -03.295 +03.942
-05.351 -01.226 -06.452
-07.979 +08.884 -00.925
-08.901 -06.304 -04.067
+09.730 +09.982 +07.355
+07.746 +06.838 +07.190
-03.800 +03.773 +04.571
-09.163 -07.394 +05.124
+02.689 -07.348 -05.512
+04.218 +06.256 -00.841
-07.527 -08.789 +04.230
+01.764 -02.524 +05.859
+09.340 -02.183 +01.812
+04.811 +02.176 +01.574
+02.569 +06.791 -09.173
+01.918 -08.054 -06.036
-06.768 -00.266 -07.488
+02.111 +01.010 -02.938
+06.000 -05.769 -02.725
+00.863 +06.522 -00.759
+04.504 -02.209 +03.144
+02.080 -00.848 +05.373
+06.553 +03.478 -07.024
-01.999 -07.196 -03.335
-03.005 +08.033 +00.079
+08.957 -01.375 -01.297
+02.475 -07.976 +05.145
+00.680 -00.830 -07.899
-01.596 -00.546 -07.264
-07.942 +05.334 +03.444
+06.031 +08.599 +04.528
+08.205 +02.100 -02.077
-02.370 +09.160 -09.223
-07.265 +07.026 +04.132
+02.843 +09.903 -09.932
+03.404 -08.613 +01.221
+08.098 +03.199 -05.465
+03.855 +03.446 +08.288
-01.939 -02.145 -06.646
-00.785 -06.312 +06.478
-01.250 -06.048 +05.513
-03.180 -02.612 -08.469
-01.199 -07.203 +00.116
-02.836 -01.806 +07.297
+05.578 -03.036 +09.950
-09.389 -05.992 +06.529
-07.813 -04.604 +01.842
-04.167 +05.307 -04.415
-01.988 +02.728 +09.486
-04.983 +06.524 +07.834
+01.112 -00.352 +07.451
-06.117 -02.575 -04.192
+07.407 +09.967 +04.280
+06.517 +08.606 -02.328
-03.439 +05.390 -09.665
+05.478 +03.766 +08.936
-03.806 +04.927 +07.479
-09.305 -07.636 +07.599
+05.908 +00.088 +07.273
+01.022 -03.777 -08.885
+09.822 +06.354 +07.340
+08.189 +01.948 -06.614
+06.072 +00.072 +06.250
+02.331 +05.996 +05.675
+06.365 +04.698 -03.043
+09.889 -03.654 +05.157
+07.037 +08.199 -03.860
-08.509 -00.827 +06.549
+00.687 -03.728 -00.866
-02.693 +08.841 -05.615
+07.265 +05.759 -06.078
+03.569 -01.534 +05.031
+02.035 -07.719 -02.822
+01.156 +01.384 -03.607
-07.692 +04.495 -07.148
+03.704 -00.470 -03.931
+06.433 +06.338 -08.137
-00.326 -08.084 +07.179
+06.397 +09.202 +04.506
+04.727 -07.667 -04.817
-01.768 +07.982 -05.778
+03.022 +06.726 +03.333
+01.603 +00.880 -06.070
-06.444 +04.347 +00.524
-05.397 -01.830 -08.132
-08.473 +00.894 +07.854
+07.617 +05.060 -05.019
+07.933 -07.551 -04.001
-04.464 +05.426 -07.723
-04.676 -07.233 +03.571
-02.106 +01.152 -07.968
+09.109 -06.002 +09.759
-06.988 +05.772 -00.720
-03.041 -07.594 -09.569
+01.906 +01.897 -01.434
+06.235 +01.203 -06.086
+01.234 -08.202 -09.973
+00.813 -04.878 -07.450
+01.796 -08.829 +08.542
+07.053 -03.295 +03.942
-05.351 -01.226 -06.452
-07.979 +08.884 -00.925
-08.901 -06.304 -04.067
-00.747 -05.989 +07.252
-00.747 -05.989 +07.252
-00.747 -05.989 +07.252
-00.747 -05.989 +07.252
-00.747 -05.989 +07.252
-00.747 -05.989 +07.252
-00.747 -05.989 +07.252
-00.747 -05.989 +07.252
-00.747 -05.989 +07.252
+09.730 +09.982 +07.355
-00.747 -05.989 +07.252
+09.730 +09.982 +07.355
+07.746 +06.838 +07.190
-03.800 +03.773 +04.571
-09.163 -07.394 +05.124
+02.689 -07.348 -05.512
+04.218 +06.256 -00.841
-07.527 -08.789 +04.230
+01.764 -02.524 +05.859
+09.340 -02.183 +01.812
+04.811 +02.176 +01.574
+02.569 +06.791 -09.173
+01.918 -08.054 -06.036
-06.768 -00.266 -07.488
+02.111 +01.010 -02.938
+06.000 -05.769 -02.725
+00.863 +06.522 -00.759
+04.504 -02.209 +03.144
+02.080 -00.848 +05.373
+06.553 +03.478 -07.024
-01.999 -07.196 -03.335
-03.005 +08.033 +00.079
+08.957 -01.375 -01.297
+02.475 -07.976 +05.145
+00.680 -00.830 -07.899
-01.596 -00.546 -07.264
-07.942 +05.334 +03.444
+06.031 +08.599 +04.528
+08.205 +02.100 -02.077
-02.370 +09.160 -09.223
-07.265 +07.026 +04.132
+02.843 +09.903 -09.932
+03.404 -08.613 +01.221
+08.098 +03.199 -05.465
+03.855 +03.446 +08.288
-01.939 -02.145 -06.646
-00.785 -06.312 +06.478
-01.250 -06.048 +05.513
-03.180 -02.612 -08.469
-01.199 -07.203 +00.116
-02.836 -01.806 +07.297
+05.578 -03.036 +09.950
-09.389 -05.992 +06.529
-07.813 -04.604 +01.842
-04.167 +05.307 -04.415
-01.988 +02.728 +09.486
-04.983 +06.524 +07.834
+01.112 -00.352 +07.451
-06.117 -02.575 -04.192
+07.407 +09.967 +04.280
+06.517 +08.606 -02.328
-03.439 +05.390 -09.665
+05.478 +03.766 +08.936
-03.806 +04.927 +07.479
-09.305 -07.636 +07.599
+05.908 +00.088 +07.273
+01.022 -03.777 -08.885
+09.822 +06.354 +07.340
+08.189 +01.948 -06.614
+06.072 +00.072 +06.250
+02.331 +05.996 +05.675
+06.365 +04.698 -03.043
+09.889 -03.654 +05.157
+07.037 +08.199 -03.860
-08.509 -00.827 +06.549
+00.687 -03.728 -00.866
-02.693 +08.841 -05.615
+07.265 +05.759 -06.078
+03.569 -01.534 +05.031
+02.035 -07.719 -02.822
+01.156 +01.384 -03.607
-07.692 +04.495 -07.148
+03.704 -00.470 -03.931
+06.433 +06.338 -08.137
-00.326 -08.084 +07.179
+06.397 +09.202 +04.506
+04.727 -07.667 -04.817
-01.768 +07.982 -05.778
+03.022 +06.726 +03.333
+01.603 +00.880 -06.070
-06.444 +04.347 +00.524
-05.397 -01.830 -08.132
-08.473 +00.894 +07.854
+07.617 +05.060 -05.019
+07.933 -07.551 -04.001
-04.464 +05.426 -07.723
-04.676 -07.233 +03.571
-02.106 +01.152 -07.968
+09.109 -06.002 +09.759
-06.988 +05.772 -00.720
-03.041 -07.594 -09.569
+01.906 +01.897 -01.434
+06.235 +01.203 -06.086
+01.234 -08.202 -09.973
+00.813 -04.878 -07.450
+01.796 -08.829 +08.542
+07.053 -03.295 +03.942
-05.351 -01.226 -06.452
-07.979 +08.884 -00.925
-08.901 -06.304 -04.067
+07.746 +06.838 +07.190
-03.800 +03.773 +04.571
-09.163 -07.394 +05.124
+02.689 -07.348 -05.512
+04.218 +06.256 -00.841
-07.527 -08.789 +04.230
+01.764 -02.524 +05.859
+09.340 -02.183 +01.812
+04.811 +02.176 +01.574
+02.569 +06.791 -09.173
+01.918 -08.054 -06.036
-06.768 -00.266 -07.488
+02.111 +01.010 -02.938
+06.000 -05.769 -02.725
+00.863 +06.522 -00.759
+04.504 -02.209 +03.144
+02.080 -00.848 +05.373
+06.553 +03.478 -07.024
-01.999 -07.196 -03.335
-03.005 +08.033 +00.079
+08.957 -01.375 -01.297
+02.475 -07.976 +05.145
+00.680 -00.830 -07.899
-01.596 -00.546 -07.264
-07.942 +05.334 +03.444
+06.031 +08.599 +04.528
+08.205 +02.100 -02.077
-02.370 +09.160 -09.223
-07.265 +07.026 +04.132
+02.843 +09.903 -09.932
+03.404 -08.613 +01.221
+08.098 +03.199 -05.465
+03.855 +03.446 +08.288
-01.939 -02.145 -06.646
-00.785 -06.312 +06.478
-01.250 -06.048 +05.513
-03.180 -02.612 -08.469
-01.199 -07.203 +00.116
-02.836 -01.806 +07.297
+05.578 -03.036 +09.950
-09.389 -05.992 +06.529
-07.813 -04.604 +01.842
-04.167 +05.307 -04.415
-01.988 +02.728 +09.486
-04.983 +06.524 +07.834
+01.112 -00.352 +07.451
-06.117 -02.575 -04.192
+07.407 +09.967 +04.280
+06.517 +08.606 -02.328
-03.439 +05.390 -09.665
+05.478 +03.766 +08.936
-03.806 +04.927 +07.479
-09.305 -07.636 +07.599
+05.908 +00.088 +07.273
+01.022 -03.777 -08.885
+09.822 +06.354 +07.340
+08.189 +01.948 -06.614
+06.072 +00.072 +06.250
+02.331 +05.996 +05.675
+06.365 +04.698 -03.043
+09.889 -03.654 +05.157
+07.037 +08.199 -03.860
-08.509 -00.827 +06.549
+00.687 -03.728 -00.866
-02.693 +08.841 -05.615
+07.265 +05.759 -06.078
+03.569 -01.534 +05.031
+02.035 -07.719 -02.822
+01.156 +01.384 -03.607
-07.692 +04.495 -07.148
+03.704 -00.470 -03.931
+06.433 +06.338 -08.137
-00.326 -08.084 +07.179
+06.397 +09.202 +04.506
+04.727 -07.667 -04.817
-01.768 +07.982 -05.778
+03.022 +06.726 +03.333
+01.603 +00.880 -06.070
-06.444 +04.347 +00.524
-05.397 -01.830 -08.132
-08.473 +00.894 +07.854
+07.617 +05.060 -05.019
+07.933 -07.551 -04.001
-04.464 +05.426 -07.723
-04.676 -07.233 +03.571
-02.106 +01.152 -07.968
+09.109 -06.002 +09.759
-06.988 +05.772 -00.720
-03.041 -07.594 -09.569
+01.906 +01.897 -01.434
+06.235 +01.203 -06.086
+01.234 -08.202 -09.973
+00.813 -04.878 -07.450
+01.796 -08.829 +08.542
+07.053 -03.295 +03.942
-05.351 -01.226 -06.452
-07.979 +08.884 -00.925
-08.901 -06.304 -04.067
+09.730 +09.982 +07.355
+07.746 +06.838 +07.190
-03.800 +03.773 +04.571
-09.163 -07.394 +05.124
+02.689 -07.348 -05.512
+04.218 +06.256 -00.841
-07.527 -08.789 +04.230
+01.764 -02.524 +05.859
+09.340 -02.183 +01.812
+04.811 +02.176 +01.574
+02.569 +06.791 -09.173
+01.918 -08.054 -06.036
-06.768 -00.266 -07.488
+02.111 +01.010 -02.938
+06.000 -05.769 -02.725
+00.863 +06.522 -00.759
+04.504 -02.209 +03.144
+02.080 -00.848 +05.373
+06.553 +03.478 -07.024
-01.999 -07.196 -03.335
-03.005 +08.033 +00.079
+08.957 -01.375 -01.297
+02.475 -07.976 +05.145
+00.680 -00.830 -07.899
-01.596 -00.546 -07.264
-07.942 +05.334 +03.444
+06.031 +08.599 +04.528
+08.205 +02.100 -02.077
-02.370 +09.160 -09.223
-07.265 +07.026 +04.132
+02.843 +09.903 -09.932
+03.404 -08.613 +01.221
+08.098 +03.199 -05.465
+03.855 +03.446 +08.288
-01.939 -02.145 -06.646
-00.785 -06.312 +06.478
-01.250 -06.048 +05.513
-03.180 -02.612 -08.469
-01.199 -07.203 +00.116
-02.836 -01.806 +07.297
+05.578 -03.036 +09.950
-09.389 -05.992 +06.529
-07.813 -04.604 +01.842
-04.167 +05.307 -04.415
-01.988 +02.728 +09.486
-04.983 +06.524 +07.834
+01.112 -00.352 +07.451
-06.117 -02.575 -04.192
+07.407 +09.967 +04.280
+06.517 +08.606 -02.328
-03.439 +05.390 -09.665
+05.478 +03.766 +08.936
-03.806 +04.927 +07.479
-09.305 -07.636 +07.599
+05.908 +00.088 +07.273
+01.022 -03.777 -08.885
+09.822 +06.354 +07.340
+08.189 +01.948 -06.614
+06.072 +00.072 +06.250
+02.331 +05.996 +05.675
+06.365 +04.698 -03.043
+09.889 -03.654 +05.157
+07.037 +08.199 -03.860
-08.509 -00.827 +06.549
+00.687 -03.728 -00.866
-02.693 +08.841 -05.615
+07.265 +05.759 -06.078
+03.569 -01.534 +05.031
+02.035 -07.719 -02.822
+01.156 +01.384 -03.607
-07.692 +04.495 -07.148
+03.704 -00.470 -03.931
+06.433 +06.338 -08.137
-00.326 -08.084 +07.179
+06.397 +09.202 +04.506
+04.727 -07.667 -04.817
-01.768 +07.982 -05.778
+03.022 +06.726 +03.333
+01.603 +00.880 -06.070
-06.444 +04.347 +00.524
-05.397 -01.830 -08.132
-08.473 +00.894 +07.854
+07.617 +05.060 -05.019
+07.933 -07.551 -04.001
-04.464 +05.426 -07.723
-04.676 -07.233 +03.571
-02.106 +01.152 -07.968
+09.109 -06.002 +09.759
-06.988 +05.772 -00.720
-03.041 -07.594 -09.569
+01.906 +01.897 -01.434
+06.235 +01.203 -06.086
+01.234 -08.202 -09.973
+00.813 -04.878 -07.450
+01.796 -08.829 +08.542
+07.053 -03.295 +03.942
-05.351 -01.226 -06.452
-07.979 +08.884 -00.925
-08.901 -06.304 -04.067
+09.730 +09.982 +07.355
+07.746 +06.838 +07.190
-03.800 +03.773 +04.571
-09.163 -07.394 +05.124
+02.689 -07.348 -05.512
+04.218 +06.256 -00.841
-07.527 -08.789 +04.230
+01.764 -02.524 +05.859
+09.340 -02.183 +01.812
+04.811 +02.176 +01.574
+02.569 +06.791 -09.173
+01.918 -08.054 -06.036
-06.768 -00.266 -07.488
+02.111 +01.010 -02.938
+06.000 -05.769 -02.725
+00.863 +06.522 -00.759
+04.504 -02.209 +03.144
+02.080 -00.848 +05.373
+06.553 +03.478 -07.024
-01.999 -07.196 -03.335
-03.005 +08.033 +00.079
+08.957 -01.375 -01.297
+02.475 -07.976 +05.145
+00.680 -00.830 -07.899
-01.596 -00.546 -07.264
-07.942 +05.334 +03.444
+06.031 +08.599 +04.528
+08.205 +02.100 -02.077
-02.370 +09.160 -09.223
-07.265 +07.026 +04.132
+02.843 +09.903 -09.932
+03.404 -08.613 +01.221
+08.098 +03.199 -05.465
+03.855 +03.446 +08.288
-01.939 -02.145 -06.646
-00.785 -06.312 +06.478
-01.250 -06.048 +05.513
-03.180 -02.612 -08.469
-01.199 -07.203 +00.116
-02.836 -01.806 +07.297
+05.578 -03.036 +09.950
-09.389 -05.992 +06.529
-07.813 -04.604 +01.842
-04.167 +05.307 -04.415
-01.988 +02.728 +09.486
-04.983 +06.524 +07.834
+01.112 -00.352 +07.451
-06.117 -02.575 -04.192
+07.407 +09.967 +04.280
+06.517 +08.606 -02.328
-03.439 +05.390 -09.665
+05.478 +03.766 +08.936
-03.806 +04.927 +07.479
-09.305 -07.636 +07.599
+05.908 +00.088 +07.273
+01.022 -03.777 -08.885
+09.822 +06.354 +07.340
+08.189 +01.948 -06.614
+06.072 +00.072 +06.250
+02.331 +05.996 +05.675
+06.365 +04.698 -03.043
+09.889 -03.654 +05.157
+07.037 +08.199 -03.860
-08.509 -00.827 +06.549
+00.687 -03.728 -00.866
-02.693 +08.841 -05.615
+07.265 +05.759 -06.078
+03.569 -01.534 +05.031
+02.035 -07.719 -02.822
+01.156 +01.384 -03.607
-07.692 +04.495 -07.148
+03.704 -00.470 -03.931
+06.433 +06.338 -08.137
-00.326 -08.084 +07.179
+06.397 +09.202 +04.506
+04.727 -07.667 -04.817
-01.768 +07.982 -05.778
+03.022 +06.726 +03.333
+01.603 +00.880 -06.070
-06.444 +04.347 +00.524
-05.397 -01.830 -08.132
-08.473 +00.894 +07.854
+07.617 +05.060 -05.019
+07.933 -07.551 -04.001
-04.464 +05.426 -07.723
-04.676 -07.233 +03.571
-02.106 +01.152 -07.968
+09.109 -06.002 +09.759
-06.988 +05.772 -00.720
-03.041 -07.594 -09.569
+01.906 +01.897 -01.434
+06.235 +01.203 -06.086
+01.234 -08.202 -09.973
+00.813 -04.878 -07.450
+01.796 -08.829 +08.542
+07.053 -03.295 +03.942
-05.351 -01.226 -06.452
-07.979 +08.884 -00.925
-08.901 -06.304 -04.067
+09.730 +09.982 +07.355
+07.746 +06.838 +07.190
-03.800 +03.773 +04.571
-09.163 -07.394 +05.124
+02.689 -07.348 -05.512
+04.218 +06.256 -00.841
-07.527 -08.789 +04.230
+01.764 -02.524 +05.859
+09.340 -02.183 +01.812
+04.811 +02.176 +01.574
+02.569 +06.791 -09.173
+01.918 -08.054 -06.036
-06.768 -00.266 -07.488
+02.111 +01.010 -02.938
+06.000 -05.769 -02.725
+00.863 +06.522 -00.759
+04.504 -02.209 +03.144
+02.080 -00.848 +05.373
+06.553 +03.478 -07.024
-01.999 -07.196 -03.335
-03.005 +08.033 +00.079
+08.957 -01.375 -01.297
+02.475 -07.976 +05.145
+00.680 -00.830 -07.899
-01.596 -00.546 -07.264
-07.942 +05.334 +03.444
+06.031 +08.599 +04.528
+08.205 +02.100 -02.077
-02.370 +09.160 -09.223
-07.265 +07.026 +04.132
+02.843 +09.903 -09.932
+03.404 -08.613 +01.221
+08.098 +03.199 -05.465
+03.855 +03.446 +08.288
-01.939 -02.145 -06.646
-00.785 -06.312 +06.478
-01.250 -06.048 +05.513
-03.180 -02.612 -08.469
-01.199 -07.203 +00.116
-02.836 -01.806 +07.297
+05.578 -03.036 +09.950
-09.389 -05.992 +06.529
-07.813 -04.604 +01.842
-04.167 +05.307 -04.415
-01.988 +02.728 +09.486
-04.983 +06.524 +07.834
+01.112 -00.352 +07.451
-06.117 -02.575 -04.192
+07.407 +09.967 +04.280
+06.517 +08.606 -02.328
-03.439 +05.390 -09.665
+05.478 +03.766 +08.936
-03.806 +04.927 +07.479
-09.305 -07.636 +07.599
+05.908 +00.088 +07.273
+01.022 -03.777 -08.885
+09.822 +06.354 +07.340
+08.189 +01.948 -06.614
+06.072 +00.072 +06.250
+02.331 +05.996 +05.675
+06.365 +04.698 -03.043
+09.889 -03.654 +05.157
+07.037 +08.199 -03.860
-08.509 -00.827 +06.549
+00.687 -03.728 -00.866
-02.693 +08.841 -05.615
+07.265 +05.759 -06.078
+03.569 -01.534 +05.031
+02.035 -07.719 -02.822
+01.156 +01.384 -03.607
-07.692 +04.495 -07.148
+03.704 -00.470 -03.931
+06.433 +06.338 -08.137
-00.326 -08.084 +07.179
+06.397 +09.202 +04.506
+04.727 -07.667 -04.817
-01.768 +07.982 -05.778
+03.022 +06.726 +03.333
+01.603 +00.880 -06.070
-06.444 +04.347 +00.524
-05.397 -01.830 -08.132
-08.473 +00.894 +07.854
+07.617 +05.060 -05.019
+07.933 -07.551 -04.001
-04.464 +05.426 -07.723
-04.676 -07.233 +03.571
-02.106 +01.152 -07.968
+09.109 -06.002 +09.759
-06.988 +05.772 -00.720
-03.041 -07.594 -09.569
+01.906 +01.897 -01.434
+06.235 +01.203 -06.086
+01.234 -08.202 -09.973
+00.813 -04.878 -07.450
+01.796 -08.829 +08.542
+07.053 -03.295 +03.942
-05.351 -01.226 -06.452
-07.979 +08.884 -00.925
-08.901 -06.304 -04.067
+09.730 +09.982 +07.355
+07.746 +06.838 +07.190
-03.800 +03.773 +04.571
-09.163 -07.394 +05.124
+02.689 -07.348 -05.512
+04.218 +06.256 -00.841
-07.527 -08.789 +04.230
+01.764 -02.524 +05.859
+09.340 -02.183 +01.812
+04.811 +02.176 +01.574
+02.569 +06.791 -09.173
+01.918 -08.054 -06.036
-06.768 -00.266 -07.488
+02.111 +01.010 -02.938
+06.000 -05.769 -02.725
+00.863 +06.522 -00.759
+04.504 -02.209 +03.144
+02.080 -00.848 +05.373
+06.553 +03.478 -07.024
-01.999 -07.196 -03.335
-03.005 +08.033 +00.079
+08.957 -01.375 -01.297
+02.475 -07.976 +05.145
+00.680 -00.830 -07.899
-01.596 -00.546 -07.264
-07.942 +05.334 +03.444
+06.031 +08.599 +04.528
+08.205 +02.100 -02.077
-02.370 +09.160 -09.223
-07.265 +07.026 +04.132
+02.843 +09.903 -09.932
+03.404 -08.613 +01.221
+08.098 +03.199 -05.465
+03.855 +03.446 +08.288
-01.939 -02.145 -06.646
-00.785 -06.312 +06.478
-01.250 -06.048 +05.513
-03.180 -02.612 -08.469
-01.199 -07.203 +00.116
-02.836 -01.806 +07.297
+05.578 -03.036 +09.950
-09.389 -05.992 +06.529
-07.813 -04.604 +01.842
-04.167 +05.307 -04.415
-01.988 +02.728 +09.486
-04.983 +06.524 +07.834
+01.112 -00.352 +07.451
-06.117 -02.575 -04.192
+07.407 +09.967 +04.280
+06.517 +08.606 -02.328
-03.439 +05.390 -09.665
+05.478 +03.766 +08.936
-03.806 +04.927 +07.479
-09.305 -07.636 +07.599
+05.908 +00.088 +07.273
+01.022 -03.777 -08.885
+09.822 +06.354 +07.340
+08.189 +01.948 -06.614
+06.072 +00.072 +06.250
+02.331 +05.996 +05.675
+06.365 +04.698 -03.043
+09.889 -03.654 +05.157
+07.037 +08.199 -03.860
-08.509 -00.827 +06.549
+00.687 -03.728 -00.866
-02.693 +08.841 -05.615
+07.265 +05.759 -06.078
+03.569 -01.534 +05.031
+02.035 -07.719 -02.822
+01.156 +01.384 -03.607
-07.692 +04.495 -07.148
+03.704 -00.470 -03.931
+06.433 +06.338 -08.137
-00.326 -08.084 +07.179
+06.397 +09.202 +04.506
+04.727 -07.667 -04.817
-01.768 +07.982 -05.778
+03.022 +06.726 +03.333
+01.603 +00.880 -06.070
-06.444 +04.347 +00.524
-05.397 -01.830 -08.132
-08.473 +00.894 +07.854
+07.617 +05.060 -05.019
+07.933 -07.551 -04.001
-04.464 +05.426 -07.723
-04.676 -07.233 +03.571
-02.106 +01.152 -07.968
+09.109 -06.002 +09.759
-06.988 +05.772 -00.720
-03.041 -07.594 -09.569
+01.906 +01.897 -01.434
+06.235 +01.203 -06.086
+01.234 -08.202 -09.973
+00.813 -04.878 -07.450
+01.796 -08.829 +08.542
+07.053 -03.295 +03.942
-05.351 -01.226 -06.452
-07.979 +08.884 -00.925
-08.901 -06.304 -04.067
+09.730 +09.982 +07.355
+07.746 +06.838 +07.190
-03.800 +03.773 +04.571
-09.163 -07.394 +05.124
+02.689 -07.348 -05.512
+04.218 +06.256 -00.841
-07.527 -08.789 +04.230
+01.764 -02.524 +05.859
+09.340 -02.183 +01.812
+04.811 +02.176 +01.574
+02.569 +06.791 -09.173
+01.918 -08.054 -06.036
-06.768 -00.266 -07.488
+02.111 +01.010 -02.938
+06.000 -05.769 -02.725
+00.863 +06.522 -00.759
+04.504 -02.209 +03.144
+02.080 -00.848 +05.373
+06.553 +03.478 -07.024
-01.999 -07.196 -03.335
-03.005 +08.033 +00.079
+08.957 -01.375 -01.297
+02.475 -07.976 +05.145
+00.680 -00.830 -07.899
-01.596 -00.546 -07.264
-07.942 +05.334 +03.444
+06.031 +08.599 +04.528
+08.205 +02.100 -02.077
-02.370 +09.160 -09.223
-07.265 +07.026 +04.132
+02.843 +09.903 -09.932
+03.404 -08.613 +01.221
+08.098 +03.199 -05.465
+03.855 +03.446 +08.288
-01.939 -02.145 -06.646
-00.785 -06.312 +06.478
-01.250 -06.048 +05.513
-03.180 -02.612 -08.469
-01.199 -07.203 +00.116
-02.836 -01.806 +07.297
+05.578 -03.036 +09.950
-09.389 -05.992 +06.529
-07.813 -04.604 +01.842
-04.167 +05.307 -04.415
-01.988 +02.728 +09.486
-04.983 +06.524 +07.834
+01.112 -00.352 +07.451
-06.117 -02.575 -04.192
+07.407 +09.967 +04.280
+06.517 +08.606 -02.328
-03.439 +05.390 -09.665
+05.478 +03.766 +08.936
-03.806 +04.927 +07.479
-09.305 -07.636 +07.599
+05.908 +00.088 +07.273
+01.022 -03.777 -08.885
+09.822 +06.354 +07.340
+08.189 +01.948 -06.614
+06.072 +00.072 +06.250
+02.331 +05.996 +05.675
+06.365 +04.698 -03.043
+09.889 -03.654 +05.157
+07.037 +08.199 -03.860
-08.509 -00.827 +06.549
+00.687 -03.728 -00.866
-02.693 +08.841 -05.615
+07.265 +05.759 -06.078
+03.569 -01.534 +05.031
+02.035 -07.719 -02.822
+01.156 +01.384 -03.607
-07.692 +04.495 -07.148
+03.704 -00.470 -03.931
+06.433 +06.338 -08.137
-00.326 -08.084 +07.179
+06.397 +09.202 +04.506
+04.727 -07.667 -04.817
-01.768 +07.982 -05.778
+03.022 +06.726 +03.333
+01.603 +00.880 -06.070
-06.444 +04.347 +00.524
-05.397 -01.830 -08.132
-08.473 +00.894 +07.854
+07.617 +05.060 -05.019
+07.933 -07.551 -04.001
-04.464 +05.426 -07.723
-04.676 -07.233 +03.571
-02.106 +01.152 -07.968
+09.109 -06.002 +09.759
-06.988 +05.772 -00.720
-03.041 -07.594 -09.569
+01.906 +01.897 -01.434
+06.235 +01.203 -06.086
+01.234 -08.202 -09.973
+00.813 -04.878 -07.450
+01.796 -08.829 +08.542
+07.053 -03.295 +03.942
-05.351 -01.226 -06.452
-07.979 +08.884 -00.925
-08.901 -06.304 -04.067
+09.730 +09.982 +07.355
+07.746 +06.838 +07.190
-03.800 +03.773 +04.571
-09.163 -07.394 +05.124
+02.689 -07.348 -05.512
+04.218 +06.256 -00.841
-07.527 -08.789 +04.230
+01.764 -02.524 +05.859
+09.340 -02.183 +01.812
+04.811 +02.176 +01.574
+02.569 +06.791 -09.173
+01.918 -08.054 -06.036
-06.768 -00.266 -07.488
+02.111 +01.010 -02.938
+06.000 -05.769 -02.725
+00.863 +06.522 -00.759
+04.504 -02.209 +03.144
+02.080 -00.848 +05.373
+06.553 +03.478 -07.024
-01.999 -07.196 -03.335
-03.005 +08.033 +00.079
+08.957 -01.375 -01.297
+02.475 -07.976 +05.145
+00.680 -00.830 -07.899
-01.596 -00.546 -07.264
-07.942 +05.334 +03.444
+06.031 +08.599 +04.528
+08.205 +02.100 -02.077
-02.370 +09.160 -09.223
-07.265 +07.026 +04.132
+02.843 +09.903 -09.932
+03.404 -08.613 +01.221
+08.098 +03.199 -05.465
+03.855 +03.446 +08.288
-01.939 -02.145 -06.646
-00.785 -06.312 +06.478
-01.250 -06.048 +05.513
-03.180 -02.612 -08.469
-01.199 -07.203 +00.116
-02.836 -01.806 +07.297
+05.578 -03.036 +09.950
-09.389 -05.992 +06.529
-07.813 -04.604 +01.842
-04.167 +05.307 -04.415
-01.988 +02.728 +09.486
-04.983 +06.524 +07.834
+01.112 -00.352 +07.451
-06.117 -02.575 -04.192
+07.407 +09.967 +04.280
+06.517 +08.606 -02.328
-03.439 +05.390 -09.665
+05.478 +03.766 +08.936
-03.806 +04.927 +07.479
-09.305 -07.636 +07.599
+05.908 +00.088 +07.273
+01.022 -03.777 -08.885
+09.822 +06.354 +07.340
+08.189 +01.948 -06.614
+06.072 +00.072 +06.250
+02.331 +05.996 +05.675
+06.365 +04.698 -03.043
+09.889 -03.654 +05.157
+07.037 +08.199 -03.860
-08.509 -00.827 +06.549
+00.687 -03.728 -00.866
-02.693 +08.841 -05.615
+07.265 +05.759 -06.078
+03.569 -01.534 +05.031
+02.035 -07.719 -02.822
+01.156 +01.384 -03.607
-07.692 +04.495 -07.148
+03.704 -00.470 -03.931
+06.433 +06.338 -08.137
-00.326 -08.084 +07.179
+06.397 +09.202 +04.506
+04.727 -07.667 -04.817
-01.768 +07.982 -05.778
+03.022 +06.726 +03.333
+01.603 +00.880 -06.070
-06.444 +04.347 +00.524
-05.397 -01.830 -08.132
-08.473 +00.894 +07.854
+07.617 +05.060 -05.019
+07.933 -07.551 -04.001
-04.464 +05.426 -07.723
-04.676 -07.233 +03.571
-02.106 +01.152 -07.968
+09.109 -06.002 +09.759
-06.988 +05.772 -00.720
-03.041 -07.594 -09.569
+01.906 +01.897 -01.434
+06.235 +01.203 -06.086
+01.234 -08.202 -09.973
+00.813 -04.878 -07.450
+01.796 -08.829 +08.542
+07.053 -03.295 +03.942
-05.351 -01.226 -06.452
-07.979 +08.884 -00.925
-08.901 -06.304 -04.067
+09.730 +09.982 +07.355
+07.746 +06.838 +07.190
-03.800 +03.773 +04.571
-09.163 -07.394 +05.124
+02.689 -07.348 -05.512
+04.218 +06.256 -00.841
-07.527 -08.789 +04.230
+01.764 -02.524 +05.859
+09.340 -02.183 +01.812
+04.811 +02.176 +01.574
+02.569 +06.791 -09.173
+01.918 -08.054 -06.036
-06.768 -00.266 -07.488
+02.111 +01.010 -02.938
+06.000 -05.769 -02.725
+00.863 +06.522 -00.759
+04.504 -02.209 +03.144
+02.080 -00.848 +05.373
+06.553 +03.478 -07.024
-01.999 -07.196 -03.335
-03.005 +08.033 +00.079
+08.957 -01.375 -01.297
+02.475 -07.976 +05.145
+00.680 -00.830 -07.899
-01.596 -00.546 -07.264
-07.942 +05.334 +03.444
+06.031 +08.599 +04.528
+08.205 +02.100 -02.077
-02.370 +09.160 -09.223
-07.265 +07.026 +04.132
+02.843 +09.903 -09.932
+03.404 -08.613 +01.221
+08.098 +03.199 -05.465
+03.855 +03.446 +08.288
-01.939 -02.145 -06.646
-00.785 -06.312 +06.478
-01.250 -06.048 +05.513
-03.180 -02.612 -08.469
-01.199 -07.203 +00.116
-02.836 -01.806 +07.297
+05.578 -03.036 +09.950
-09.389 -05.992 +06.529
-07.813 -04.604 +01.842
-04.167 +05.307 -04.415
-01.988 +02.728 +09.486
-04.983 +06.524 +07.834
+01.112 -00.352 +07.451
-06.117 -02.575 -04.192
+07.407 +09.967 +04.280
+06.517 +08.606 -02.328
-03.439 +05.390 -09.665
+05.478 +03.766 +08.936
-03.806 +04.927 +07.479
-09.305 -07.636 +07.599
+05.908 +00.088 +07.273
+01.022 -03.777 -08.885
+09.822 +06.354 +07.340
+08.189 +01.948 -06.614
+06.072 +00.072 +06.250
+02.331 +05.996 +05.675
+06.365 +04.698 -03.043
+09.889 -03.654 +05.157
+07.037 +08.199 -03.860
-08.509 -00.827 +06.549
+00.687 -03.728 -00.866
-02.693 +08.841 -05.615
+07.265 +05.759 -06.078
+03.569 -01.534 +05.031
+02.035 -07.719 -02.822
+01.156 +01.384 -03.607
-07.692 +04.495 -07.148
+03.704 -00.470 -03.931
+06.433 +06.338 -08.137
-00.326 -08.084 +07.179
+06.397 +09.202 +04.506
+04.727 -07.667 -04.817
-01.768 +07.982 -05.778
+03.022 +06.726 +03.333
+01.603 +00.880 -06.070
-06.444 +04.347 +00.524
-05.397 -01.830 -08.132
-08.473 +00.894 +07.854
+07.617 +05.060 -05.019
+07.933 -07.551 -04.001
-04.464 +05.426 -07.723
-04.676 -07.233 +03.571
-02.106 +01.152 -07.968
+09.109 -06.002 +09.759
-06.988 +05.772 -00.720
-03.041 -07.594 -09.569
+01.906 +01.897 -01.434
+06.235 +01.203 -06.086
+01.234 -08.202 -09.973
+00.813 -04.878 -07.450
+01.796 -08.829 +08.542
+07.053 -03.295 +03.942
-05.351 -01.226 -06.452
-07.979 +08.884 -00.925
-08.901 -06.304 -04.067
+09.730 +09.982 +07.355
+07.746 +06.838 +07.190
-03.800 +03.773 +04.571
-09.163 -07.394 +05.124
+02.689 -07.348 -05.512
+04.218 +06.256 -00.841
-07.527 -08.789 +04.230
+01.764 -02.524 +05.859
+09.340 -02.183 +01.812
+04.811 +02.176 +01.574
+02.569 +06.791 -09.173
+01.918 -08.054 -06.036
-06.768 -00.266 -07.488
+02.111 +01.010 -02.938
+06.000 -05.769 -02.725
+00.863 +06.522 -00.759
+04.504 -02.209 +03.144
+02.080 -00.848 +05.373
+06.553 +03.478 -07.024
-01.999 -07.196 -03.335
-03.005 +08.033 +00.079
+08.957 -01.375 -01.297
+02.475 -07.976 +05.145
+00.680 -00.830 -07.899
-01.596 -00.546 -07.264
-07.942 +05.334 +03.444
+06.031 +08.599 +04.528
+08.205 +02.100 -02.077
-02.370 +09.160 -09.223
-07.265 +07.026 +04.132
+02.843 +09.903 -09.932
+03.404 -08.613 +01.221
+08.098 +03.199 -05.465
+03.855 +03.446 +08.288
-01.939 -02.145 -06.646
-00.785 -06.312 +06.478
-01.250 -06.048 +05.513
-03.180 -02.612 -08.469
-01.199 -07.203 +00.116
-02.836 -01.806 +07.297
+05.578 -03.036 +09.950
-09.389 -05.992 +06.529
-07.813 -04.604 +01.842
-04.167 +05.307 -04.415
-01.988 +02.728 +09.486
-04.983 +06.524 +07.834
+01.112 -00.352 +07.451
-06.117 -02.575 -04.192
+07.407 +09.967 +04.280
+06.517 +08.606 -02.328
-03.439 +05.390 -09.665
+05.478 +03.766 +08.936
-03.806 +04.927 +07.479
-09.305 -07.636 +07.599
+05.908 +00.088 +07.273
+01.022 -03.777 -08.885
+09.822 +06.354 +07.340
+08.189 +01.948 -06.614
+06.072 +00.072 +06.250
+02.331 +05.996 +05.675
+06.365 +04.698 -03.043
+09.889 -03.654 +05.157
+07.037 +08.199 -03.860
-08.509 -00.827 +06.549
+00.687 -03.728 -00.866
-02.693 +08.841 -05.615
+07.265 +05.759 -06.078
+03.569 -01.534 +05.031
+02.035 -07.719 -02.822
+01.156 +01.384 -03.607
-07.692 +04.495 -07.148
+03.704 -00.470 -03.931
+06.433 +06.338 -08.137
-00.326 -08.084 +07.179
+06.397 +09.202 +04.506
+04.727 -07.667 -04.817
-01.768 +07.982 -05.778
+03.022 +06.726 +03.333
+01.603 +00.880 -06.070
-06.444 +04.347 +00.524
-05.397 -01.830 -08.132
-08.473 +00.894 +07.854
+07.617 +05.060 -05.019
+07.933 -07.551 -04.001
-04.464 +05.426 -07.723
-04.676 -07.233 +03.571
-02.106 +01.152 -07.968
+09.109 -06.002 +09.759
-06.988 +05.772 -00.720
-03.041 -07.594 -09.569
+01.906 +01.897 -01.434
+06.235 +01.203 -06.086
+01.234 -08.202 -09.973
+00.813 -04.878 -07.450
+01.796 -08.829 +08.542
+07.053 -03.295 +03.942
-05.351 -01.226 -06.452
-07.979 +08.884 -00.925
-08.901 -06.304 -04.067
-00.747 -05.989 +07.252
-00.747 -05.989 +07.252
-00.747 -05.989 +07.252
-00.747 -05.989 +07.252
-00.747 -05.989 +07.252
-00.747 -05.989 +07.252
-00.747 -05.989 +07.252
-00.747 -05.989 +07.252
-00.747 -05.989 +07.252
+09.730 +09.982 +07.355
-00.747 -05.989 +07.252
+09.730 +09.982 +07.355
+07.746 +06.838 +07.190
-03.800 +03.773 +04.571
-09.163 -07.394 +05.124
+02.689 -07.348 -05.512
+04.218 +06.256 -00.841
-07.527 -08.789 +04.230
+01.764 -02.524 +05.859
+09.340 -02.183 +01.812
+04.811 +02.176 +01.574
+02.569 +06.791 -09.173
+01.918 -08.054 -06.036
-06.768 -00.266 -07.488
+02.111 +01.010 -02.938
+06.000 -05.769 -02.725
+00.863 +06.522 -00.759
+04.504 -02.209 +03.144
+02.080 -00.848 +05.373
+06.553 +03.478 -07.024
-01.999 -07.196 -03.335
-03.005 +08.033 +00.079
+08.957 -01.375 -01.297
+02.475 -07.976 +05.145
+00.680 -00.830 -07.899
-01.596 -00.546 -07.264
-07.942 +05.334 +03.444
+06.031 +08.599 +04.528
+08.205 +02.100 -02.077
-02.370 +09.160 -09.223
-07.265 +07.026 +04.132
+02.843 +09.903 -09.932
+03.404 -08.613 +01.221
+08.098 +03.199 -05.465
+03.855 +03.446 +08.288
-01.939 -02.145 -06.646
-00.785 -06.312 +06.478
-01.250 -06.048 +05.513
-03.180 -02.612 -08.469
-01.199 -07.203 +00.116
-02.836 -01.806 +07.297
+05.578 -03.036 +09.950
-09.389 -05.992 +06.529
-07.813 -04.604 +01.842
-04.167 +05.307 -04.415
-01.988 +02.728 +09.486
-04.983 +06.524 +07.834
+01.112 -00.352 +07.451
-06.117 -02.575 -04.192
+07.407 +09.967 +04.280
+06.517 +08.606 -02.328
-03.439 +05.390 -09.665
+05.478 +03.766 +08.936
-03.806 +04.927 +07.479
-09.305 -07.636 +07.599
+05.908 +00.088 +07.273
+01.022 -03.777 -08.885
+09.822 +06.354 +07.340
+08.189 +01.948 -06.614
+06.072 +00.072 +06.250
+02.331 +05.996 +05.675
+06.365 +04.698 -03.043
+09.889 -03.654 +05.157
+07.037 +08.199 -03.860
-08.509 -00.827 +06.549
+00.687 -03.728 -00.866
-02.693 +08.841 -05.615
+07.265 +05.759 -06.078
+03.569 -01.534 +05.031
+02.035 -07.719 -02.822
+01.156 +01.384 -03.607
-07.692 +04.495 -07.148
+03.704 -00.470 -03.931
+06.433 +06.338 -08.137
-00.326 -08.084 +07.179
+06.397 +09.202 +04.506
+04.727 -07.667 -04.817
-01.768 +07.982 -05.778
+03.022 +06.726 +03.333
+01.603 +00.880 -06.070
-06.444 +04.347 +00.524
-05.397 -01.830 -08.132
-08.473 +00.894 +07.854
+07.617 +05.060 -05.019
+07.933 -07.551 -04.001
-04.464 +05.426 -07.723
-04.676 -07.233 +03.571
-02.106 +01.152 -07.968
+09.109 -06.002 +09.759
-06.988 +05.772 -00.720
-03.041 -07.594 -09.569
+01.906 +01.897 -01.434
+06.235 +01.203 -06.086
+01.234 -08.202 -09.973
+00.813 -04.878 -07.450
+01.796 -08.829 +08.542
+07.053 -03.295 +03.942
-05.351 -01.226 -06.452
-07.979 +08.884 -00.925
-08.901 -06.304 -04.067
+07.746 +06.838 +07.190
-03.800 +03.773 +04.571
-09.163 -07.394 +05.124
+02.689 -07.348 -05.512
+04.218 +06.256 -00.841
-07.527 -08.789 +04.230
+01.764 -02.524 +05.859
+09.340 -02.183 +01.812
+04.811 +02.176 +01.574
+02.569 +06.791 -09.173
+01.918 -08.054 -06.036
-06.768 -00.266 -07.488
+02.111 +01.010 -02.938
+06.000 -05.769 -02.725
+00.863 +06.522 -00.759
+04.504 -02.209 +03.144
+02.080 -00.848 +05.373
+06.553 +03.478 -07.024
-01.999 -07.196 -03.335
-03.005 +08.033 +00.079
+08.957 -01.375 -01.297
+02.475 -07.976 +05.145
+00.680 -00.830 -07.899
-01.596 -00.546 -07.264
-07.942 +05.334 +03.444
+06.031 +08.599 +04.528
+08.205 +02.100 -02.077
-02.370 +09.160 -09.223
-07.265 +07.026 +04.132
+02.843 +09.903 -09.932
+03.404 -08.613 +01.221
+08.098 +03.199 -05.465
+03.855 +03.446 +08.288
-01.939 -02.145 -06.646
-00.785 -06.312 +06.478
-01.250 -06.048 +05.513
-03.180 -02.612 -08.469
-01.199 -07.203 +00.116
-02.836 -01.806 +07.297
+05.578 -03.036 +09.950
-09.389 -05.992 +06.529
-07.813 -04.604 +01.842
-04.167 +05.307 -04.415
-01.988 +02.728 +09.486
-04.983 +06.524 +07.834
+01.112 -00.352 +07.451
-06.117 -02.575 -04.192
+07.407 +09.967 +04.280
+06.517 +08.606 -02.328
-03.439 +05.390 -09.665
+05.478 +03.766 +08.936
-03.806 +04.927 +07.479
-09.305 -07.636 +07.599
+05.908 +00.088 +07.273
+01.022 -03.777 -08.885
+09.822 +06.354 +07.340
+08.189 +01.948 -06.614
+06.072 +00.072 +06.250
+02.331 +05.996 +05.675
+06.365 +04.698 -03.043
+09.889 -03.654 +05.157
+07.037 +08.199 -03.860
-08.509 -00.827 +06.549
+00.687 -03.728 -00.866
-02.693 +08.841 -05.615
+07.265 +05.759 -06.078
+03.569 -01.534 +05.031
+02.035 -07.719 -02.822
+01.156 +01.384 -03.607
-07.692 +04.495 -07.148
+03.704 -00.470 -03.931
+06.433 +06.338 -08.137
-00.326 -08.084 +07.179
+06.397 +09.202 +04.506
+04.727 -07.667 -04.817
-01.768 +07.982 -05.778
+03.022 +06.726 +03.333
+01.603 +00.880 -06.070
-06.444 +04.347 +00.524
-05.397 -01.830 -08.132
-08.473 +00.894 +07.854
+07.617 +05.060 -05.019
+07.933 -07.551 -04.001
-04.464 +05.426 -07.723
-04.676 -07.233 +03.571
-02.106 +01.152 -07.968
+09.109 -06.002 +09.759
-06.988 +05.772 -00.720
-03.041 -07.594 -09.569
+01.906 +01.897 -01.434
+06.235 +01.203 -06.086
+01.234 -08.202 -09.973
+00.813 -04.878 -07.450
+01.796 -08.829 +08.542
+07.053 -03.295 +03.942
-05.351 -01.226 -06.452
-07.979 +08.884 -00.925
-08.901 -06.304 -04.067
+09.730 +09.982 +07.355
+07.746 +06.838 +07.190
-03.800 +03.773 +04.571
-09.163 -07.394 +05.124
+02.689 -07.348 -05.512
+04.218 +06.256 -00.841
-07.527 -08.789 +04.230
+01.764 -02.524 +05.859
+09.340 -02.183 +01.812
+04.811 +02.176 +01.574
+02.569 +06.791 -09.173
+01.918 -08.054 -06.036
-06.768 -00.266 -07.488
+02.111 +01.010 -02.938
+06.000 -05.769 -02.725
+00.863 +06.522 -00.759
+04.504 -02.209 +03.144
+02.080 -00.848 +05.373
+06.553 +03.478 -07.024
-01.999 -07.196 -03.335
-03.005 +08.033 +00.079
+08.957 -01.375 -01.297
+02.475 -07.976 +05.145
+00.680 -00.830 -07.899
-01.596 -00.546 -07.264
-07.942 +05.334 +03.444
+06.031 +08.599 +04.528
+08.205 +02.100 -02.077
-02.370 +09.160 -09.223
-07.265 +07.026 +04.132
+02.843 +09.903 -09.932
+03.404 -08.613 +01.221
+08.098 +03.199 -05.465
+03.855 +03.446 +08.288
-01.939 -02.145 -06.646
-00.785 -06.312 +06.478
-01.250 -06.048 +05.513
-03.180 -02.612 -08.469
-01.199 -07.203 +00.116
-02.836 -01.806 +07.297
+05.578 -03.036 +09.950
-09.389 -05.992 +06.529
-07.813 -04.604 +01.842
-04.167 +05.307 -04.415
-01.988 +02.728 +09.486
-04.983 +06.524 +07.834
+01.112 -00.352 +07.451
-06.117 -02.575 -04.192
+07.407 +09.967 +04.280
+06.517 +08.606 -02.328
-03.439 +05.390 -09.665
+05.478 +03.766 +08.936
-03.806 +04.927 +07.479
-09.305 -07.636 +07.599
+05.908 +00.088 +07.273
+01.022 -03.777 -08.885
+09.822 +06.354 +07.340
+08.189 +01.948 -06.614
+06.072 +00.072 +06.250
+02.331 +05.996 +05.675
+06.365 +04.698 -03.043
+09.889 -03.654 +05.157
+07.037 +08.199 -03.860
-08.509 -00.827 +06.549
+00.687 -03.728 -00.866
-02.693 +08.841 -05.615
+07.265 +05.759 -06.078
+03.569 -01.534 +05.031
+02.035 -07.719 -02.822
+01.156 +01.384 -03.607
-07.692 +04.495 -07.148
+03.704 -00.470 -03.931
+06.433 +06.338 -08.137
-00.326 -08.084 +07.179
+06.397 +09.202 +04.506
+04.727 -07.667 -04.817
-01.768 +07.982 -05.778
+03.022 +06.726 +03.333
+01.603 +00.880 -06.070
-06.444 +04.347 +00.524
-05.397 -01.830 -08.132
-08.473 +00.894 +07.854
+07.617 +05.060 -05.019
+07.933 -07.551 -04.001
-04.464 +05.426 -07.723
-04.676 -07.233 +03.571
-02.106 +01.152 -07.968
+09.109 -06.002 +09.759
-06.988 +05.772 -00.720
-03.041 -07.594 -09.569
+01.906 +01.897 -01.434
+06.235 +01.203 -06.086
+01.234 -08.202 -09.973
+00.813 -04.878 -07.450
+01.796 -08.829 +08.542
+07.053 -03.295 +03.942
-05.351 -01.226 -06.452
-07.979 +08.884 -00.925
-08.901 -06.304 -04.067
+09.730 +09.982 +07.355
+07.746 +06.838 +07.190
-03.800 +03.773 +04.571
-09.163 -07.394 +05.124
+02.689 -07.348 -05.512
+04.218 +06.256 -00.841
-07.527 -08.789 +04.230
+01.764 -02.524 +05.859
+09.340 -02.183 +01.812
+04.811 +02.176 +01.574
+02.569 +06.791 -09.173
+01.918 -08.054 -06.036
-06.768 -00.266 -07.488
+02.111 +01.010 -02.938
+06.000 -05.769 -02.725
+00.863 +06.522 -00.759
+04.504 -02.209 +03.144
+02.080 -00.848 +05.373
+06.553 +03.478 -07.024
-01.999 -07.196 -03.335
-03.005 +08.033 +00.079
+08.957 -01.375 -01.297
+02.475 -07.976 +05.145
+00.680 -00.830 -07.899
-01.596 -00.546 -07.264
-07.942 +05.334 +03.444
+06.031 +08.599 +04.528
+08.205 +02.100 -02.077
-02.370 +09.160 -09.223
-07.265 +07.026 +04.132
+02.843 +09.903 -09.932
+03.404 -08.613 +01.221
+08.098 +03.199 -05.465
+03.855 +03.446 +08.288
-01.939 -02.145 -06.646
-00.785 -06.312 +06.478
-01.250 -06.048 +05.513
-03.180 -02.612 -08.469
-01.199 -07.203 +00.116
-02.836 -01.806 +07.297
+05.578 -03.036 +09.950
-09.389 -05.992 +06.529
-07.813 -04.604 +01.842
-04.167 +05.307 -04.415
-01.988 +02.728 +09.486
-04.983 +06.524 +07.834
+01.112 -00.352 +07.451
-06.117 -02.575 -04.192
+07.407 +09.967 +04.280
+06.517 +08.606 -02.328
-03.439 +05.390 -09.665
+05.478 +03.766 +08.936
-03.806 +04.927 +07.479
-09.305 -07.636 +07.599
+05.908 +00.088 +07.273
+01.022 -03.777 -08.885
+09.822 +06.354 +07.340
+08.189 +01.948 -06.614
+06.072 +00.072 +06.250
+02.331 +05.996 +05.675
+06.365 +04.698 -03.043
+09.889 -03.654 +05.157
+07.037 +08.199 -03.860
-08.509 -00.827 +06.549
+00.687 -03.728 -00.866
-02.693 +08.841 -05.615
+07.265 +05.759 -06.078
+03.569 -01.534 +05.031
+02.035 -07.719 -02.822
+01.156 +01.384 -03.607
-07.692 +04.495 -07.148
+03.704 -00.470 -03.931
+06.433 +06.338 -08.137
-00.326 -08.084 +07.179
+06.397 +09.202 +04.506
+04.727 -07.667 -04.817
-01.768 +07.982 -05.778
+03.022 +06.726 +03.333
+01.603 +00.880 -06.070
-06.444 +04.347 +00.524
-05.397 -01.830 -08.132
-08.473 +00.894 +07.854
+07.617 +05.060 -05.019
+07.933 -07.551 -04.001
-04.464 +05.426 -07.723
-04.676 -07.233 +03.571
-02.106 +01.152 -07.968
+09.109 -06.002 +09.759
-06.988 +05.772 -00.720
-03.041 -07.594 -09.569
+01.906 +01.897 -01.434
+06.235 +01.203 -06.086
+01.234 -08.202 -09.973
+00.813 -04.878 -07.450
+01.796 -08.829 +08.542
+07.053 -03.295 +03.942
-05.351 -01.226 -06.452
-07.979 +08.884 -00.925
-08.901 -06.304 -04.067
+09.730 +09.982 +07.355
+07.746 +06.838 +07.190
-03.800 +03.773 +04.571
-09.163 -07.394 +05.124
+02.689 -07.348 -05.512
+04.218 +06.256 -00.841
-07.527 -08.789 +04.230
+01.764 -02.524 +05.859
+09.340 -02.183 +01.812
+04.811 +02.176 +01.574
+02.569 +06.791 -09.173
+01.918 -08.054 -06.036
-06.768 -00.266 -07.488
+02.111 +01.010 -02.938
+06.000 -05.769 -02.725
+00.863 +06.522 -00.759
+04.504 -02.209 +03.144
+02.080 -00.848 +05.373
+06.553 +03.478 -07.024
-01.999 -07.196 -03.335
-03.005 +08.033 +00.079
+08.957 -01.375 -01.297
+02.475 -07.976 +05.145
+00.680 -00.830 -07.899
-01.596 -00.546 -07.264
-07.942 +05.334 +03.444
+06.031 +08.599 +04.528
+08.205 +02.100 -02.077
-02.370 +09.160 -09.223
-07.265 +07.026 +04.132
+02.843 +09.903 -09.932
+03.404 -08.613 +01.221
+08.098 +03.199 -05.465
+03.855 +03.446 +08.288
-01.939 -02.145 -06.646
-00.785 -06.312 +06.478
-01.250 -06.048 +05.513
-03.180 -02.612 -08.469
-01.199 -07.203 +00.116
-02.836 -01.806 +07.297
+05.578 -03.036 +09.950
-09.389 -05.992 +06.529
-07.813 -04.604 +01.842
-04.167 +05.307 -04.415
-01.988 +02.728 +09.486
-04.983 +06.524 +07.834
+01.112 -00.352 +07.451
-06.117 -02.575 -04.192
+07.407 +09.967 +04.280
+06.517 +08.606 -02.328
-03.439 +05.390 -09.665
+05.478 +03.766 +08.936
-03.806 +04.927 +07.479
-09.305 -07.636 +07.599
+05.908 +00.088 +07.273
+01.022 -03.777 -08.885
+09.822 +06.354 +07.340
+08.189 +01.948 -06.614
+06.072 +00.072 +06.250
+02.331 +05.996 +05.675
+06.365 +04.698 -03.043
+09.889 -03.654 +05.157
+07.037 +08.199 -03.860
-08.509 -00.827 +06.549
+00.687 -03.728 -00.866
-02.693 +08.841 -05.615
+07.265 +05.759 -06.078
+03.569 -01.534 +05.031
+02.035 -07.719 -02.822
+01.156 +01.384 -03.607
-07.692 +04.495 -07.148
+03.704 -00.470 -03.931
+06.433 +06.338 -08.137
-00.326 -08.084 +07.179
+06.397 +09.202 +04.506
+04.727 -07.667 -04.817
-01.768 +07.982 -05.778
+03.022 +06.726 +03.333
+01.603 +00.880 -06.070
-06.444 +04.347 +00.524
-05.397 -01.830 -08.132
-08.473 +00.894 +07.854
+07.617 +05.060 -05.019
+07.933 -07.551 -04.001
-04.464 +05.426 -07.723
-04.676 -07.233 +03.571
-02.106 +01.152 -07.968
+09.109 -06.002 +09.759
-06.988 +05.772 -00.720
-03.041 -07.594 -09.569
+01.906 +01.897 -01.434
+06.235 +01.203 -06.086
+01.234 -08.202 -09.973
+00.813 -04.878 -07.450
+01.796 -08.829 +08.542
+07.053 -03.295 +03.942
-05.351 -01.226 -06.452
-07.979 +08.884 -00.925
-08.901 -06.304 -04.067
+09.730 +09.982 +07.355
+07.746 +06.838 +07.190
-03.800 +03.773 +04.571
-09.163 -07.394 +05.124
+02.689 -07.348 -05.512
+04.218 +06.256 -00.841
-07.527 -08.789 +04.230
+01.764 -02.524 +05.859
+09.340 -02.183 +01.812
+04.811 +02.176 +01.574
+02.569 +06.791 -09.173
+01.918 -08.054 -06.036
-06.768 -00.266 -07.488
+02.111 +01.010 -02.938
+06.000 -05.769 -02.725
+00.863 +06.522 -00.759
+04.504 -02.209 +03.144
+02.080 -00.848 +05.373
+06.553 +03.478 -07.024
-01.999 -07.196 -03.335
-03.005 +08.033 +00.079
+08.957 -01.375 -01.297
+02.475 -07.976 +05.145
+00.680 -00.830 -07.899
-01.596 -00.546 -07.264
-07.942 +05.334 +03.444
+06.031 +08.599 +04.528
+08.205 +02.100 -02.077
-02.370 +09.160 -09.223
-07.265 +07.026 +04.132
+02.843 +09.903 -09.932
+03.404 -08.613 +01.221
+08.098 +03.199 -05.465
+03.855 +03.446 +08.288
-01.939 -02.145 -06.646
-00.785 -06.312 +06.478
-01.250 -06.048 +05.513
-03.180 -02.612 -08.469
-01.199 -07.203 +00.116
-02.836 -01.806 +07.297
+05.578 -03.036 +09.950
-09.389 -05.992 +06.529
-07.813 -04.604 +01.842
-04.167 +05.307 -04.415
-01.988 +02.728 +09.486
-04.983 +06.524 +07.834
+01.112 -00.352 +07.451
-06.117 -02.575 -04.192
+07.407 +09.967 +04.280
+06.517 +08.606 -02.328
-03.439 +05.390 -09.665
+05.478 +03.766 +08.936
-03.806 +04.927 +07.479
-09.305 -07.636 +07.599
+05.908 +00.088 +07.273
+01.022 -03.777 -08.885
+09.822 +06.354 +07.340
+08.189 +01.948 -06.614
+06.072 +00.072 +06.250
+02.331 +05.996 +05.675
+06.365 +04.698 -03.043
+09.889 -03.654 +05.157
+07.037 +08.199 -03.860
-08.509 -00.827 +06.549
+00.687 -03.728 -00.866
-02.693 +08.841 -05.615
+07.265 +05.759 -06.078
+03.569 -01.534 +05.031
+02.035 -07.719 -02.822
+01.156 +01.384 -03.607
-07.692 +04.495 -07.148
+03.704 -00.470 -03.931
+06.433 +06.338 -08.137
-00.326 -08.084 +07.179
+06.397 +09.202 +04.506
+04.727 -07.667 -04.817
-01.768 +07.982 -05.778
+03.022 +06.726 +03.333
+01.603 +00.880 -06.070
-06.444 +04.347 +00.524
-05.397 -01.830 -08.132
-08.473 +00.894 +07.854
+07.617 +05.060 -05.019
+07.933 -07.551 -04.001
-04.464 +05.426 -07.723
-04.676 -07.233 +03.571
-02.106 +01.152 -07.968
+09.109 -06.002 +09.759
-06.988 +05.772 -00.720
-03.041 -07.594 -09.569
+01.906 +01.897 -01.434
+06.235 +01.203 -06.086
+01.234 -08.202 -09.973
+00.813 -04.878 -07.450
+01.796 -08.829 +08.542
+07.053 -03.295 +03.942
-05.351 -01.226 -06.452
-07.979 +08.884 -00.925
-08.901 -06.304 -04.067
+09.730 +09.982 +07.355
+07.746 +06.838 +07.190
-03.800 +03.773 +04.571
-09.163 -07.394 +05.124
+02.689 -07.348 -05.512
+04.218 +06.256 -00.841
-07.527 -08.789 +04.230
+01.764 -02.524 +05.859
+09.340 -02.183 +01.812
+04.811 +02.176 +01.574
+02.569 +06.791 -09.173
+01.918 -08.054 -06.036
-06.768 -00.266 -07.488
+02.111 +01.010 -02.938
+06.000 -05.769 -02.725
+00.863 +06.522 -00.759
+04.504 -02.209 +03.144
+02.080 -00.848 +05.373
+06.553 +03.478 -07.024
-01.999 -07.196 -03.335
-03.005 +08.033 +00.079
+08.957 -01.375 -01.297
+02.475 -07.976 +05.145
+00.680 -00.830 -07.899
-01.596 -00.546 -07.264
-07.942 +05.334 +03.444
+06.031 +08.599 +04.528
+08.205 +02.100 -02.077
-02.370 +09.160 -09.223
-07.265 +07.026 +04.132
+02.843 +09.903 -09.932
+03.404 -08.613 +01.221
+08.098 +03.199 -05.465
+03.855 +03.446 +08.288
-01.939 -02.145 -06.646
-00.785 -06.312 +06.478
-01.250 -06.048 +05.513
-03.180 -02.612 -08.469
-01.199 -07.203 +00.116
-02.836 -01.806 +07.297
+05.578 -03.036 +09.950
-09.389 -05.992 +06.529
-07.813 -04.604 +01.842
-04.167 +05.307 -04.415
-01.988 +02.728 +09.486
-04.983 +06.524 +07.834
+01.112 -00.352 +07.451
-06.117 -02.575 -04.192
+07.407 +09.967 +04.280
+06.517 +08.606 -02.328
-03.439 +05.390 -09.665
+05.478 +03.766 +08.936
-03.806 +04.927 +07.479
-09.305 -07.636 +07.599
+05.908 +00.088 +07.273
+01.022 -03.777 -08.885
+09.822 +06.354 +07.340
+08.189 +01.948 -06.614
+06.072 +00.072 +06.250
+02.331 +05.996 +05.675
+06.365 +04.698 -03.043
+09.889 -03.654 +05.157
+07.037 +08.199 -03.860
-08.509 -00.827 +06.549
+00.687 -03.728 -00.866
-02.693 +08.841 -05.615
+07.265 +05.759 -06.078
+03.569 -01.534 +05.031
+02.035 -07.719 -02.822
+01.156 +01.384 -03.607
-07.692 +04.495 -07.148
+03.704 -00.470 -03.931
+06.433 +06.338 -08.137
-00.326 -08.084 +07.179
+06.397 +09.202 +04.506
+04.727 -07.667 -04.817
-01.768 +07.982 -05.778
+03.022 +06.726 +03.333
+01.603 +00.880 -06.070
-06.444 +04.347 +00.524
-05.397 -01.830 -08.132
-08.473 +00.894 +07.854
+07.617 +05.060 -05.019
+07.933 -07.551 -04.001
-04.464 +05.426 -07.723
-04.676 -07.233 +03.571
-02.106 +01.152 -07.968
+09.109 -06.002 +09.759
-06.988 +05.772 -00.720
-03.041 -07.594 -09.569
+01.906 +01.897 -01.434
+06.235 +01.203 -06.086
+01.234 -08.202 -09.973
+00.813 -04.878 -07.450
+01.796 -08.829 +08.542
+07.053 -03.295 +03.942
-05.351 -01.226 -06.452
-07.979 +08.884 -00.925
-08.901 -06.304 -04.067
+09.730 +09.982 +07.355
+07.746 +06.838 +07.190
-03.800 +03.773 +04.571
-09.163 -07.394 +05.124
+02.689 -07.348 -05.512
+04.218 +06.256 -00.841
-07.527 -08.789 +04.230
+01.764 -02.524 +05.859
+09.340 -02.183 +01.812
+04.811 +02.176 +01.574
+02.569 +06.791 -09.173
+01.918 -08.054 -06.036
-06.768 -00.266 -07.488
+02.111 +01.010 -02.938
+06.000 -05.769 -02.725
+00.863 +06.522 -00.759
+04.504 -02.209 +03.144
+02.080 -00.848 +05.373
+06.553 +03.478 -07.024
-01.999 -07.196 -03.335
-03.005 +08.033 +00.079
+08.957 -01.375 -01.297
+02.475 -07.976 +05.145
+00.680 -00.830 -07.899
-01.596 -00.546 -07.264
-07.942 +05.334 +03.444
+06.031 +08.599 +04.528
+08.205 +02.100 -02.077
-02.370 +09.160 -09.223
-07.265 +07.026 +04.132
+02.843 +09.903 -09.932
+03.404 -08.613 +01.221
+08.098 +03.199 -05.465
+03.855 +03.446 +08.288
-01.939 -02.145 -06.646
-00.785 -06.312 +06.478
-01.250 -06.048 +05.513
-03.180 -02.612 -08.469
-01.199 -07.203 +00.116
-02.836 -01.806 +07.297
+05.578 -03.036 +09.950
-09.389 -05.992 +06.529
-07.813 -04.604 +01.842
-04.167 +05.307 -04.415
-01.988 +02.728 +09.486
-04.983 +06.524 +07.834
+01.112 -00.352 +07.451
-06.117 -02.575 -04.192
+07.407 +09.967 +04.280
+06.517 +08.606 -02.328
-03.439 +05.390 -09.665
+05.478 +03.766 +08.936
-03.806 +04.927 +07.479
-09.305 -07.636 +07.599
+05.908 +00.088 +07.273
+01.022 -03.777 -08.885
+09.822 +06.354 +07.340
+08.189 +01.948 -06.614
+06.072 +00.072 +06.250
+02.331 +05.996 +05.675
+06.365 +04.698 -03.043
+09.889 -03.654 +05.157
+07.037 +08.199 -03.860
-08.509 -00.827 +06.549
+00.687 -03.728 -00.866
-02.693 +08.841 -05.615
+07.265 +05.759 -06.078
+03.569 -01.534 +05.031
+02.035 -07.719 -02.822
+01.156 +01.384 -03.607
-07.692 +04.495 -07.148
+03.704 -00.470 -03.931
+06.433 +06.338 -08.137
-00.326 -08.084 +07.179
+06.397 +09.202 +04.506
+04.727 -07.667 -04.817
-01.768 +07.982 -05.778
+03.022 +06.726 +03.333
+01.603 +00.880 -06.070
-06.444 +04.347 +00.524
-05.397 -01.830 -08.132
-08.473 +00.894 +07.854
+07.617 +05.060 -05.019
+07.933 -07.551 -04.001
-04.464 +05.426 -07.723
-04.676 -07.233 +03.571
-02.106 +01.152 -07.968
+09.109 -06.002 +09.759
-06.988 +05.772 -00.720
-03.041 -07.594 -09.569
+01.906 +01.897 -01.434
+06.235 +01.203 -06.086
+01.234 -08.202 -09.973
+00.813 -04.878 -07.450
+01.796 -08.829 +08.542
+07.053 -03.295 +03.942
-05.351 -01.226 -06.452
-07.979 +08.884 -00.925
-08.901 -06.304 -04.067
+09.730 +09.982 +07.355
+07.746 +06.838 +07.190
-03.800 +03.773 +04.571
-09.163 -07.394 +05.124
+02.689 -07.348 -05.512
+04.218 +06.256 -00.841
-07.527 -08.789 +04.230
+01.764 -02.524 +05.859
+09.340 -02.183 +01.812
+04.811 +02.176 +01.574
+02.569 +06.791 -09.173
+01.918 -08.054 -06.036
-06.768 -00.266 -07.488
+02.111 +01.010 -02.938
+06.000 -05.769 -02.725
+00.863 +06.522 -00.759
+04.504 -02.209 +03.144
+02.080 -00.848 +05.373
+06.553 +03.478 -07.024
-01.999 -07.196 -03.335
-03.005 +08.033 +00.079
+08.957 -01.375 -01.297
+02.475 -07.976 +05.145
+00.680 -00.830 -07.899
-01.596 -00.546 -07.264
-07.942 +05.334 +03.444
+06.031 +08.599 +04.528
+08.205 +02.100 -02.077
-02.370 +09.160 -09.223
-07.265 +07.026 +04.132
+02.843 +09.903 -09.932
+03.404 -08.613 +01.221
+08.098 +03.199 -05.465
+03.855 +03.446 +08.288
-01.939 -02.145 -06.646
-00.785 -06.312 +06.478
-01.250 -06.048 +05.513
-03.180 -02.612 -08.469
-01.199 -07.203 +00.116
-02.836 -01.806 +07.297
+05.578 -03.036 +09.950
-09.389 -05.992 +06.529
-07.813 -04.604 +01.842
-04.167 +05.307 -04.415
-01.988 +02.728 +09.486
-04.983 +06.524 +07.834
+01.112 -00.352 +07.451
-06.117 -02.575 -04.192
+07.407 +09.967 +04.280
+06.517 +08.606 -02.328
-03.439 +05.390 -09.665
+05.478 +03.766 +08.936
-03.806 +04.927 +07.479
-09.305 -07.636 +07.599
+05.908 +00.088 +07.273
+01.022 -03.777 -08.885
+09.822 +06.354 +07.340
+08.189 +01.948 -06.614
+06.072 +00.072 +06.250
+02.331 +05.996 +05.675
+06.365 +04.698 -03.043
+09.889 -03.654 +05.157
+07.037 +08.199 -03.860
-08.509 -00.827 +06.549
+00.687 -03.728 -00.866
-02.693 +08.841 -05.615
+07.265 +05.759 -06.078
+03.569 -01.534 +05.031
+02.035 -07.719 -02.822
+01.156 +01.384 -03.607
-07.692 +04.495 -07.148
+03.704 -00.470 -03.931
+06.433 +06.338 -08.137
-00.326 -08.084 +07.179
+06.397 +09.202 +04.506
+04.727 -07.667 -04.817
-01.768 +07.982 -05.778
+03.022 +06.726 +03.333
+01.603 +00.880 -06.070
-06.444 +04.347 +00.524
-05.397 -01.830 -08.132
-08.473 +00.894 +07.854
+07.617 +05.060 -05.019
+07.933 -07.551 -04.001
-04.464 +05.426 -07.723
-04.676 -07.233 +03.571
-02.106 +01.152 -07.968
+09.109 -06.002 +09.759
-06.988 +05.772 -00.720
-03.041 -07.594 -09.569
+01.906 +01.897 -01.434
+06.235 +01.203 -06.086
+01.234 -08.202 -09.973
+00.813 -04.878 -07.450
+01.796 -08.829 +08.542
+07.053 -03.295 +03.942
-05.351 -01.226 -06.452
-07.979 +08.884 -00.925
-08.901 -06.304 -04.067
+09.730 +09.982 +07.355
+07.746 +06.838 +07.190
-03.800 +03.773 +04.571
-09.163 -07.394 +05.124
+02.689 -07.348 -05.512
+04.218 +06.256 -00.841
-07.527 -08.789 +04.230
+01.764 -02.524 +05.859
+09.340 -02.183 +01.812
+04.811 +02.176 +01.574
+02.569 +06.791 -09.173
+01.918 -08.054 -06.036
-06.768 -00.266 -07.488
+02.111 +01.010 -02.938
+06.000 -05.769 -02.725
+00.863 +06.522 -00.759
+04.504 -02.209 +03.144
+02.080 -00.848 +05.373
+06.553 +03.478 -07.024
-01.999 -07.196 -03.335
-03.005 +08.033 +00.079
+08.957 -01.375 -01.297
+02.475 -07.976 +05.145
+00.680 -00.830 -07.899
-01.596 -00.546 -07.264
-07.942 +05.334 +03.444
+06.031 +08.599 +04.528
+08.205 +02.100 -02.077
-02.370 +09.160 -09.223
-07.265 +07.026 +04.132
+02.843 +09.903 -09.932
+03.404 -08.613 +01.221
+08.098 +03.199 -05.465
+03.855 +03.446 +08.288
-01.939 -02.145 -06.646
-00.785 -06.312 +06.478
-01.250 -06.048 +05.513
-03.180 -02.612 -08.469
-01.199 -07.203 +00.116
-02.836 -01.806 +07.297
+05.578 -03.036 +09.950
-09.389 -05.992 +06.529
-07.813 -04.604 +01.842
-04.167 +05.307 -04.415
-01.988 +02.728 +09.486
-04.983 +06.524 +07.834
+01.112 -00.352 +07.451
-06.117 -02.575 -04.192
+07.407 +09.967 +04.280
+06.517 +08.606 -02.328
-03.439 +05.390 -09.665
+05.478 +03.766 +08.936
-03.806 +04.927 +07.479
-09.305 -07.636 +07.599
+05.908 +00.088 +07.273
+01.022 -03.777 -08.885
+09.822 +06.354 +07.340
+08.189 +01.948 -06.614
+06.072 +00.072 +06.250
+02.331 +05.996 +05.675
+06.365 +04.698 -03.043
+09.889 -03.654 +05.157
+07.037 +08.199 -03.860
-08.509 -00.827 +06.549
+00.687 -03.728 -00.866
-02.693 +08.841 -05.615
+07.265 +05.759 -06.078
+03.569 -01.534 +05.031
+02.035 -07.719 -02.822
+01.156 +01.384 -03.607
-07.692 +04.495 -07.148
+03.704 -00.470 -03.931
+06.433 +06.338 -08.137
-00.326 -08.084 +07.179
+06.397 +09.202 +04.506
+04.727 -07.667 -04.817
-01.768 +07.982 -05.778
+03.022 +06.726 +03.333
+01.603 +00.880 -06.070
-06.444 +04.347 +00.524
-05.397 -01.830 -08.132
-08.473 +00.894 +07.854
+07.617 +05.060 -05.019
+07.933 -07.551 -04.001
-04.464 +05.426 -07.723
-04.676 -07.233 +03.571
-02.106 +01.152 -07.968
+09.109 -06.002 +09.759
-06.988 +05.772 -00.720
-03.041 -07.594 -09.569
+01.906 +01.897 -01.434
+06.235 +01.203 -06.086
+01.234 -08.202 -09.973
+00.813 -04.878 -07.450
+01.796 -08.829 +08.542
+07.053 -03.295 +03.942
-05.351 -01.226 -06.452
-07.979 +08.884 -00.925
-08.901 -06.304 -04.067
