4.000000e+00
4.002082e+00
4.004162e+00
4.006240e+00
4.008316e+00
4.010390e+00
4.012461e+00
4.014530e+00
4.016598e+00
4.018663e+00
4.020726e+00
4.022787e+00
4.024845e+00
4.026902e+00
4.028957e+00
4.031009e+00
4.033059e+00
4.035108e+00
4.037154e+00
4.039198e+00
4.041240e+00
4.043280e+00
4.045318e+00
4.047354e+00
4.049388e+00
4.051420e+00
4.053449e+00
4.055477e+00
4.057503e+00
4.059526e+00
4.061548e+00
4.063568e+00
4.065585e+00
4.067601e+00
4.069615e+00
4.071626e+00
4.073636e+00
4.075644e+00
4.077650e+00
4.079653e+00
4.081655e+00
4.083655e+00
4.085653e+00
4.087649e+00
4.089643e+00
