-1.343150e+01
-1.343282e+01
-1.343404e+01
-1.343517e+01
-1.343620e+01
-1.343714e+01
-1.343799e+01
-1.343874e+01
-1.343941e+01
-1.344000e+01
-1.344049e+01
-1.344090e+01
-1.344123e+01
-1.344148e+01
-1.344165e+01
-1.344174e+01
-1.344158e+01
-1.343895e+01
-1.343881e+01
-1.343860e+01
-1.343831e+01
-1.343795e+01
-1.343752e+01
-1.343701e+01
-1.343643e+01
-1.343578e+01
-1.343522e+01
-1.343443e+01
-1.343356e+01
-1.343262e+01
-1.343160e+01
-1.343052e+01
-1.342937e+01
-1.342815e+01
-1.342685e+01
-1.342549e+01
-1.342406e+01
-1.342257e+01
-1.342100e+01
-1.341937e+01
-1.341767e+01
-1.341590e+01
-1.341407e+01
-1.341217e+01
-1.341020e+01
