00.00 1
00.01 28
00.02 52
00.03 92
00.04 149
00.05 214
00.06 327
00.07 470
00.08 549
00.09 723
00.10 894
00.11 1032
00.12 1177
00.13 1435
00.14 1634
00.15 1829
00.16 2091
00.17 2431
00.18 2744
00.19 2927
00.20 3176
00.21 3564
00.22 3835
00.23 4153
00.24 4633
00.25 5013
00.26 5422
00.27 5830
00.28 6189
00.29 6720
00.30 7018
00.31 7604
00.32 8097
00.33 8525
00.34 9171
00.35 9657
00.36 10048
00.37 10584
00.38 11131
00.39 11998
00.40 12349
00.41 13249
00.42 13749
00.43 14171
00.44 15266
00.45 15662
00.46 16455
00.47 16958
00.48 18038
00.49 18419
00.50 19450
00.51 20227
00.52 20668
00.53 21474
00.54 22378
00.55 22790
00.56 24142
00.57 24764
00.58 25804
00.59 26683
00.60 27168
00.61 28261
00.62 29345
00.63 30340
00.64 31705
00.65 31815
00.66 33053
00.67 34050
00.68 35010
00.69 36017
00.70 37252
00.71 37973
00.72 38835
00.73 40141
00.74 41203
00.75 42421
00.76 43490
00.77 44336
00.78 45531
00.79 46963
00.80 47876
00.81 48948
00.82 50295
00.83 51661
00.84 52818
00.85 53830
00.86 55139
00.87 56354
00.88 57543
00.89 58820
00.90 60063
00.91 61095
00.92 62681
00.93 63795
00.94 64989
00.95 66768
00.96 68550
00.97 69222
00.98 70727
00.99 71917
01.00 73736
01.01 74511
01.02 76649
01.03 77374
01.04 79138
01.05 80534
01.06 81808
01.07 83598
01.08 85422
01.09 86742
01.10 87997
01.11 90264
01.12 91508
01.13 92684
01.14 93692
01.15 95995
01.16 97664
01.17 99570
01.18 100216
01.19 102432
01.20 104208
01.21 105266
01.22 107577
01.23 109151
01.24 109853
01.25 112078
01.26 113931
01.27 115544
01.28 117808
01.29 120081
01.30 121178
01.31 123255
01.32 125200
01.33 126127
01.34 128217
01.35 131047
01.36 131744
01.37 134387
01.38 134944
01.39 137525
01.40 139345
01.41 141466
01.42 143332
01.43 145233
01.44 147524
01.45 149320
01.46 150939
01.47 152138
01.48 153259
01.49 156384
01.50 157744
01.51 160139
01.52 162665
01.53 164636
01.54 166475
01.55 167860
01.56 170422
01.57 172404
01.58 174465
01.59 177286
01.60 179872
01.61 181277
01.62 183196
01.63 186162
01.64 187160
01.65 189516
01.66 192342
01.67 193467
01.68 196255
01.69 197295
01.70 201030
01.71 202898
01.72 205731
01.73 205882
01.74 209154
01.75 211148
01.76 213911
01.77 216383
01.78 218017
01.79 220266
01.80 222392
01.81 224584
01.82 227718
01.83 229785
01.84 231780
01.85 234407
01.86 236241
01.87 239506
01.88 241781
01.89 243622
01.90 246636
01.91 248623
01.92 250620
01.93 253740
01.94 256603
01.95 258379
01.96 260858
01.97 263703
01.98 264963
01.99 268318
02.00 270670
02.01 272551
02.02 275748
02.03 278276
02.04 280705
02.05 282545
02.06 285311
02.07 287280
02.08 291256
02.09 294070
02.10 294577
02.11 298383
02.12 301298
02.13 303802
02.14 306393
02.15 307892
02.16 311260
02.17 314422
02.18 317466
02.19 318794
02.20 323313
02.21 324391
02.22 327350
02.23 330144
02.24 332806
02.25 335079
02.26 337546
02.27 340854
02.28 344605
02.29 346065
02.30 348495
02.31 351978
02.32 354241
02.33 357873
02.34 359455
02.35 362381
02.36 366696
02.37 369392
02.38 371197
02.39 373660
02.40 377536
02.41 381016
02.42 382022
02.43 386959
02.44 388061
02.45 391660
02.46 395234
02.47 396772
02.48 400246
02.49 402855
02.50 406121
02.51 408923
02.52 411444
02.53 414744
02.54 416778
02.55 421201
02.56 423229
02.57 426177
02.58 427782
02.59 432962
02.60 434511
02.61 438601
02.62 441829
02.63 444538
02.64 447240
02.65 449912
02.66 454481
02.67 456498
02.68 459327
02.69 462730
02.70 465283
02.71 469007
02.72 472295
02.73 474877
02.74 477622
02.75 481759
02.76 483010
02.77 487896
02.78 489900
02.79 493730
02.80 494565
02.81 498560
02.82 502266
02.83 506240
02.84 507757
02.85 512487
02.86 515073
02.87 518493
02.88 521556
02.89 525446
02.90 528631
02.91 531059
02.92 534819
02.93 539104
02.94 540542
02.95 543847
02.96 548282
02.97 551687
02.98 554731
02.99 557896
03.00 559747
03.01 563895
03.02 567330
03.03 569990
03.04 574282
03.05 577039
03.06 581418
03.07 583963
03.08 586382
03.09 588899
03.10 592992
03.11 594788
03.12 599946
03.13 603183
03.14 606479
03.15 611257
03.16 614447
03.17 616888
03.18 621108
03.19 623177
03.20 625446
03.21 631024
03.22 632187
03.23 637231
03.24 640159
03.25 643471
03.26 645655
03.27 650510
03.28 655038
03.29 657282
03.30 661446
03.31 664146
03.32 666684
03.33 671738
03.34 674967
03.35 678672
03.36 681627
03.37 684373
03.38 687463
03.39 691883
03.40 694846
03.41 699793
03.42 703100
03.43 706327
03.44 708793
03.45 713955
03.46 715860
03.47 720164
03.48 725591
03.49 726230
03.50 728215
03.51 733413
03.52 736797
03.53 741683
03.54 745254
03.55 748164
03.56 752077
03.57 754854
03.58 760727
03.59 763137
03.60 766187
03.61 770300
03.62 775203
03.63 776546
03.64 779923
03.65 784984
03.66 788479
03.67 791314
03.68 795654
03.69 800498
03.70 801314
03.71 806918
03.72 811329
03.73 813478
03.74 819327
03.75 819846
03.76 823253
03.77 828914
03.78 831208
03.79 835727
03.80 841009
03.81 842511
03.82 847787
03.83 851159
03.84 854986
03.85 857661
03.86 861654
03.87 864459
03.88 869331
03.89 873349
03.90 876864
03.91 880928
03.92 884289
03.93 885875
03.94 892857
03.95 893624
03.96 899516
03.97 901343
03.98 907484
03.99 909064
04.00 914042
04.01 917004
04.02 922565
04.03 925751
04.04 928716
04.05 933978
04.06 938775
04.07 939740
04.08 944463
04.09 947791
04.10 950827
04.11 956577
04.12 961420
04.13 963402
04.14 968066
04.15 971747
04.16 975706
04.17 979868
04.18 979953
04.19 985462
04.20 989707
04.21 993562
04.22 998307
04.23 1002591
04.24 1005701
04.25 1009333
04.26 1013423
04.27 1017497
04.28 1021579
04.29 1024084
04.30 1030166
04.31 1033667
04.32 1036239
04.33 1040766
04.34 1043239
04.35 1046731
04.36 1051072
04.37 1055984
04.38 1061016
04.39 1065501
04.40 1065625
04.41 1073630
04.42 1074959
04.43 1080002
04.44 1084006
04.45 1086800
04.46 1090285
04.47 1096430
04.48 1098852
04.49 1103456
04.50 1106623
04.51 1109757
04.52 1114034
04.53 1119606
04.54 1123450
04.55 1130281
04.56 1130425
04.57 1133054
04.58 1140199
04.59 1141726
04.60 1145079
04.61 1149220
04.62 1154023
04.63 1159739
04.64 1162326
04.65 1165303
04.66 1169496
04.67 1174766
04.68 1180344
04.69 1181829
04.70 1185405
04.71 1190856
04.72 1194571
04.73 1197445
04.74 1202125
04.75 1205816
04.76 1209735
04.77 1214921
04.78 1217037
04.79 1222072
04.80 1227008
04.81 1229825
04.82 1232332
04.83 1238340
04.84 1241842
04.85 1245141
04.86 1251218
04.87 1254168
04.88 1257068
04.89 1262424
04.90 1266024
04.91 1269654
04.92 1274215
04.93 1275778
04.94 1280935
04.95 1286044
04.96 1290455
04.97 1293351
04.98 1298104
04.99 1303053
05.00 1304038
05.01 1309381
05.02 1312903
05.03 1318140
05.04 1322144
05.05 1327095
05.06 1330024
05.07 1334520
05.08 1339226
05.09 1344354
05.10 1347147
05.11 1350046
05.12 1355954
05.13 1358785
05.14 1363182
05.15 1367831
05.16 1371164
05.17 1374659
05.18 1377707
05.19 1382995
05.20 1387868
05.21 1391063
05.22 1396275
05.23 1401492
05.24 1405569
05.25 1407501
05.26 1414194
05.27 1417953
05.28 1420237
05.29 1423653
05.30 1428615
05.31 1433280
05.32 1435737
05.33 1440976
05.34 1443081
05.35 1448201
05.36 1451827
05.37 1457040
05.38 1460827
05.39 1464538
05.40 1466660
05.41 1476267
05.42 1478197
05.43 1481099
05.44 1485499
05.45 1489393
05.46 1492526
05.47 1499498
05.48 1501643
05.49 1506608
05.50 1510163
05.51 1514291
05.52 1519156
05.53 1520941
05.54 1527860
05.55 1532296
05.56 1532321
05.57 1537676
05.58 1542531
05.59 1546463
05.60 1549503
05.61 1556463
05.62 1558968
05.63 1562885
05.64 1568693
05.65 1572072
05.66 1577409
05.67 1578241
05.68 1584182
05.69 1587216
05.70 1591957
05.71 1597857
05.72 1598507
05.73 1606121
05.74 1610190
05.75 1614593
05.76 1617039
05.77 1623584
05.78 1623969
05.79 1629156
05.80 1632682
05.81 1640104
05.82 1639135
05.83 1645906
05.84 1650943
05.85 1653031
05.86 1659061
05.87 1663210
05.88 1664334
05.89 1671040
05.90 1675193
05.91 1678046
05.92 1683829
05.93 1685483
05.94 1692315
05.95 1694491
05.96 1698553
05.97 1701696
05.98 1707454
05.99 1712691
06.00 1715195
06.01 1720859
06.02 1724902
06.03 1727835
06.04 1733179
06.05 1737909
06.06 1740042
06.07 1742963
06.08 1746770
06.09 1750772
06.10 1754895
06.11 1761113
06.12 1764158
06.13 1767930
06.14 1771441
06.15 1776235
06.16 1779569
06.17 1782719
06.18 1788433
06.19 1792008
06.20 1797237
06.21 1802750
06.22 1804616
06.23 1810370
06.24 1814074
06.25 1817200
06.26 1821849
06.27 1824463
06.28 1830374
06.29 1834982
06.30 1837102
06.31 1843976
06.32 1844484
06.33 1850642
06.34 1854509
06.35 1857002
06.36 1859211
06.37 1864412
06.38 1870437
06.39 1872459
06.40 1879236
06.41 1884583
06.42 1886316
06.43 1890043
06.44 1895138
06.45 1899940
06.46 1902492
06.47 1907029
06.48 1909582
06.49 1913272
06.50 1919905
06.51 1922435
06.52 1925561
06.53 1930323
06.54 1936586
06.55 1936793
06.56 1941986
06.57 1948827
06.58 1950109
06.59 1955306
06.60 1959516
06.61 1964731
06.62 1965337
06.63 1970262
06.64 1976101
06.65 1981557
06.66 1980225
06.67 1986488
06.68 1989962
06.69 1997204
06.70 2000630
06.71 2004343
06.72 2004429
06.73 2014336
06.74 2016721
06.75 2017525
06.76 2025235
06.77 2025409
06.78 2031051
06.79 2034798
06.80 2038340
06.81 2044127
06.82 2048886
06.83 2052082
06.84 2056005
06.85 2061451
06.86 2064238
06.87 2065662
06.88 2071752
06.89 2074988
06.90 2080625
06.91 2084805
06.92 2085084
06.93 2088940
06.94 2095561
06.95 2098704
06.96 2103653
06.97 2108227
06.98 2114375
06.99 2114262
07.00 2118073
07.01 2124810
07.02 2128466
07.03 2130985
07.04 2138283
07.05 2138809
07.06 2140936
07.07 2147127
07.08 2149673
07.09 2153927
07.10 2159558
07.11 2165475
07.12 2166930
07.13 2172422
07.14 2173894
07.15 2178966
07.16 2183903
07.17 2186485
07.18 2191847
07.19 2192085
07.20 2197657
07.21 2203328
07.22 2205602
07.23 2209423
07.24 2213098
07.25 2217493
07.26 2219621
07.27 2225864
07.28 2229604
07.29 2235081
07.30 2237298
07.31 2242573
07.32 2244511
07.33 2248603
07.34 2252183
07.35 2254393
07.36 2259499
07.37 2264748
07.38 2267929
07.39 2273794
07.40 2276416
07.41 2282162
07.42 2281095
07.43 2288086
07.44 2291918
07.45 2295727
07.46 2300445
07.47 2302344
07.48 2306752
07.49 2310379
07.50 2314994
07.51 2318936
07.52 2320063
07.53 2327884
07.54 2328908
07.55 2335849
07.56 2333255
07.57 2340694
07.58 2343585
07.59 2345738
07.60 2352125
07.61 2357757
07.62 2360108
07.63 2363643
07.64 2369817
07.65 2368741
07.66 2376907
07.67 2378137
07.68 2383189
07.69 2389166
07.70 2392128
07.71 2394237
07.72 2399636
07.73 2399519
07.74 2405328
07.75 2408298
07.76 2413469
07.77 2412719
07.78 2421051
07.79 2424851
07.80 2429006
07.81 2428749
07.82 2433474
07.83 2439022
07.84 2442669
07.85 2446617
07.86 2449269
07.87 2451941
07.88 2454448
07.89 2461403
07.90 2464158
07.91 2468893
07.92 2471463
07.93 2477868
07.94 2481062
07.95 2482159
07.96 2486090
07.97 2488567
07.98 2492347
07.99 2497611
08.00 2498484
08.01 2502940
08.02 2510386
08.03 2514350
08.04 2514750
08.05 2518716
08.06 2523510
08.07 2523974
08.08 2529653
08.09 2530873
08.10 2537526
08.11 2541941
08.12 2544734
08.13 2546143
08.14 2551457
08.15 2556245
08.16 2558218
08.17 2563780
08.18 2565612
08.19 2569815
08.20 2575191
08.21 2575717
08.22 2579923
08.23 2583337
08.24 2586863
08.25 2588975
08.26 2594380
08.27 2595621
08.28 2601578
08.29 2605987
08.30 2608184
08.31 2610920
08.32 2618656
08.33 2615928
08.34 2620788
08.35 2626924
08.36 2631291
08.37 2631676
08.38 2635802
08.39 2636529
08.40 2641167
08.41 2648201
08.42 2651034
08.43 2655459
08.44 2655488
08.45 2661153
08.46 2665945
08.47 2666797
08.48 2673235
08.49 2676538
08.50 2679649
08.51 2681735
08.52 2683708
08.53 2689825
08.54 2693113
08.55 2695039
08.56 2699506
08.57 2702650
08.58 2706919
08.59 2708986
08.60 2712733
08.61 2713679
08.62 2717494
08.63 2722343
08.64 2724804
08.65 2730187
08.66 2734330
08.67 2737953
08.68 2739894
08.69 2740512
08.70 2745355
08.71 2753601
08.72 2751600
08.73 2755756
08.74 2761818
08.75 2764071
08.76 2768319
08.77 2769825
08.78 2772304
08.79 2775719
08.80 2782147
08.81 2781254
08.82 2787012
08.83 2787322
08.84 2791225
08.85 2792208
08.86 2801058
08.87 2802889
08.88 2806804
08.89 2808494
08.90 2813392
08.91 2816195
08.92 2817296
08.93 2821257
08.94 2825689
08.95 2829385
08.96 2833857
08.97 2835676
08.98 2837987
08.99 2843614
09.00 2846168
09.01 2847812
09.02 2852343
09.03 2852834
09.04 2859031
09.05 2861376
09.06 2863593
09.07 2869837
09.08 2868863
09.09 2874767
09.10 2878270
09.11 2880111
09.12 2884750
09.13 2887197
09.14 2889558
09.15 2889457
09.16 2895159
09.17 2896369
09.18 2899329
09.19 2902462
09.20 2908305
09.21 2912602
09.22 2913196
09.23 2913707
09.24 2921050
09.25 2923177
09.26 2927803
09.27 2927596
09.28 2935402
09.29 2935821
09.30 2940836
09.31 2941537
09.32 2945730
09.33 2946585
09.34 2953376
09.35 2955365
09.36 2953385
09.37 2957910
09.38 2962033
09.39 2964120
09.40 2971195
09.41 2970542
09.42 2973741
09.43 2974778
09.44 2981741
09.45 2981904
09.46 2988383
09.47 2988645
09.48 2991376
09.49 2997157
09.50 2996586
09.51 2998745
09.52 3004176
09.53 3003750
09.54 3009351
09.55 3013045
09.56 3016526
09.57 3018631
09.58 3019251
09.59 3025977
09.60 3023757
09.61 3026179
09.62 3034780
09.63 3038386
09.64 3038822
09.65 3042385
09.66 3044135
09.67 3044957
09.68 3049445
09.69 3054903
09.70 3056393
09.71 3056335
09.72 3061225
09.73 3062864
09.74 3066253
09.75 3069014
09.76 3073239
09.77 3073689
09.78 3076881
09.79 3081476
09.80 3085235
09.81 3082516
09.82 3086982
09.83 3090225
09.84 3094660
09.85 3094689
09.86 3101062
09.87 3101701
09.88 3105457
09.89 3105540
09.90 3110620
09.91 3116909
09.92 3115289
09.93 3119503
09.94 3124848
09.95 3121514
09.96 3126074
09.97 3129162
09.98 3131282
09.99 3133702
10.00 3139509
10.01 3139502
10.02 3144980
10.03 3146533
10.04 3147257
10.05 3152561
10.06 3152937
10.07 3157153
10.08 3158127
10.09 3163445
10.10 3161800
10.11 3163601
10.12 3167630
10.13 3171085
10.14 3173145
10.15 3176737
10.16 3177432
10.17 3182268
10.18 3186434
10.19 3187144
10.20 3191252
10.21 3191919
10.22 3193553
10.23 3197593
10.24 3200020
10.25 3200306
10.26 3207566
10.27 3207207
10.28 3206910
10.29 3211081
10.30 3215339
10.31 3217447
10.32 3218291
10.33 3220532
10.34 3225944
10.35 3224553
10.36 3227181
10.37 3233126
10.38 3235841
10.39 3239278
10.40 3237487
10.41 3241630
10.42 3243511
10.43 3245510
10.44 3248376
10.45 3247335
10.46 3252701
10.47 3254632
10.48 3254251
10.49 3259641
10.50 3261831
10.51 3261882
10.52 3268969
10.53 3268089
10.54 3269792
10.55 3276462
10.56 3276344
10.57 3275220
10.58 3280464
10.59 3284450
10.60 3283888
10.61 3286705
10.62 3290113
10.63 3287638
10.64 3296064
10.65 3296473
10.66 3301210
10.67 3297749
10.68 3301504
10.69 3303820
10.70 3306099
10.71 3309303
10.72 3312480
10.73 3311136
10.74 3313293
10.75 3320224
10.76 3323004
10.77 3323492
10.78 3322198
10.79 3324312
10.80 3327385
10.81 3330579
10.82 3333324
10.83 3335740
10.84 3337714
10.85 3340036
10.86 3340466
10.87 3345038
10.88 3345583
10.89 3351370
10.90 3352847
10.91 3353526
10.92 3348617
10.93 3355076
10.94 3357916
10.95 3359603
10.96 3363127
10.97 3361860
10.98 3369031
10.99 3371076
11.00 3372598
11.01 3368951
11.02 3376318
11.03 3377761
11.04 3377145
11.05 3382008
11.06 3380067
11.07 3386873
11.08 3386929
11.09 3389199
11.10 3391174
11.11 3393151
11.12 3397049
11.13 3394851
11.14 3395981
11.15 3395753
11.16 3402608
11.17 3404402
11.18 3407961
11.19 3406749
11.20 3408215
11.21 3410472
11.22 3415394
11.23 3414790
11.24 3416655
11.25 3415927
11.26 3420106
11.27 3422540
11.28 3421512
11.29 3425571
11.30 3425888
11.31 3426719
11.32 3432414
11.33 3431825
11.34 3434704
11.35 3434359
11.36 3436295
11.37 3437282
11.38 3439766
11.39 3447168
11.40 3443374
11.41 3445046
11.42 3447111
11.43 3449555
11.44 3452157
11.45 3454040
11.46 3455491
11.47 3453109
11.48 3455829
11.49 3459765
11.50 3461077
11.51 3464745
11.52 3467333
11.53 3464094
11.54 3467361
11.55 3467938
11.56 3471777
11.57 3473799
11.58 3474118
11.59 3475477
11.60 3479827
11.61 3477971
11.62 3480044
11.63 3483440
11.64 3480880
11.65 3486603
11.66 3489115
11.67 3490038
11.68 3489736
11.69 3492971
11.70 3494213
11.71 3493505
11.72 3491474
11.73 3494836
11.74 3498046
11.75 3500249
11.76 3505201
11.77 3507118
11.78 3502906
11.79 3506573
11.80 3506656
11.81 3507949
11.82 3512485
11.83 3511791
11.84 3511988
11.85 3513570
11.86 3512110
11.87 3514787
11.88 3514418
11.89 3522813
11.90 3523518
11.91 3523477
11.92 3524036
11.93 3522928
11.94 3523155
11.95 3526338
11.96 3525005
11.97 3528410
11.98 3530573
11.99 3529220
12.00 3531862
12.01 3534049
12.02 3537830
12.03 3537351
12.04 3536054
12.05 3537941
12.06 3538571
12.07 3541368
12.08 3545526
12.09 3548285
12.10 3547072
12.11 3546229
12.12 3548575
12.13 3547659
12.14 3546019
12.15 3550410
12.16 3550705
12.17 3556813
12.18 3552195
12.19 3553800
12.20 3559567
12.21 3557348
12.22 3560102
12.23 3560571
12.24 3562749
12.25 3560823
12.26 3561135
12.27 3560942
12.28 3564130
12.29 3561498
12.30 3569898
12.31 3567416
12.32 3569261
12.33 3570047
12.34 3569089
12.35 3569838
12.36 3571890
12.37 3576653
12.38 3573929
12.39 3574797
12.40 3577030
12.41 3578962
12.42 3576708
12.43 3577936
12.44 3580067
12.45 3579516
12.46 3582695
12.47 3581966
12.48 3583826
12.49 3584089
12.50 3585511
12.51 3586770
12.52 3586090
12.53 3587082
12.54 3589714
12.55 3588286
12.56 3587399
12.57 3593208
12.58 3590711
12.59 3593612
12.60 3595390
12.61 3594702
12.62 3593458
12.63 3599474
12.64 3601628
12.65 3595168
12.66 3600626
12.67 3595901
12.68 3599142
12.69 3595962
12.70 3600759
12.71 3603498
12.72 3600841
12.73 3602972
12.74 3595300
12.75 3602319
12.76 3608404
12.77 3607906
12.78 3604144
12.79 3607309
12.80 3603592
12.81 3606651
12.82 3606575
12.83 3609357
12.84 3609010
12.85 3607464
12.86 3605046
12.87 3610314
12.88 3611441
12.89 3612696
12.90 3610560
12.91 3611461
12.92 3614557
12.93 3611687
12.94 3614387
12.95 3616984
12.96 3617448
12.97 3612049
12.98 3616762
12.99 3612733
13.00 3616653
13.01 3617946
13.02 3620626
13.03 3618657
13.04 3615639
13.05 3621255
13.06 3621392
13.07 3618392
13.08 3616741
13.09 3619822
13.10 3622939
13.11 3619637
13.12 3619215
13.13 3623729
13.14 3621770
13.15 3622918
13.16 3623183
13.17 3625005
13.18 3619841
13.19 3624023
13.20 3621472
13.21 3624384
13.22 3625492
13.23 3622466
13.24 3623591
13.25 3625872
13.26 3623791
13.27 3625682
13.28 3625470
13.29 3625430
13.30 3623847
13.31 3627165
13.32 3626951
13.33 3625170
13.34 3623924
13.35 3627652
13.36 3622237
13.37 3624053
13.38 3626919
13.39 3624436
13.40 3625598
13.41 3628232
13.42 3625117
13.43 3630611
13.44 3625101
13.45 3626361
13.46 3629629
13.47 3626840
13.48 3626270
13.49 3629877
13.50 3626436
13.51 3626430
13.52 3625974
13.53 3626628
13.54 3631728
13.55 3629815
13.56 3624705
13.57 3627790
13.58 3627433
13.59 3628485
13.60 3626487
13.61 3623471
13.62 3623836
13.63 3624017
13.64 3626368
13.65 3624093
13.66 3627396
13.67 3626895
13.68 3626148
13.69 3624139
13.70 3628379
13.71 3623055
13.72 3621967
13.73 3626390
13.74 3625741
13.75 3623509
13.76 3622272
13.77 3629130
13.78 3622143
13.79 3625006
13.80 3626730
13.81 3624255
13.82 3626277
13.83 3623207
13.84 3619563
13.85 3622294
13.86 3621496
13.87 3621204
13.88 3621138
13.89 3621231
13.90 3617895
13.91 3618197
13.92 3617149
13.93 3620711
13.94 3619812
13.95 3618459
13.96 3617399
13.97 3615555
13.98 3615507
13.99 3614110
14.00 3615708
14.01 3614374
14.02 3612543
14.03 3617074
14.04 3611695
14.05 3617006
14.06 3612954
14.07 3612634
14.08 3613217
14.09 3608646
14.10 3612264
14.11 3613619
14.12 3609238
14.13 3609946
14.14 3607121
14.15 3612088
14.16 3607480
14.17 3603979
14.18 3608113
14.19 3607725
14.20 3605435
14.21 3601571
14.22 3606610
14.23 3603906
14.24 3600055
14.25 3602958
14.26 3599217
14.27 3601881
14.28 3599252
14.29 3600349
14.30 3597081
14.31 3597022
14.32 3598884
14.33 3596062
14.34 3597930
14.35 3594668
14.36 3591640
14.37 3594014
14.38 3595005
14.39 3589305
14.40 3589250
14.41 3588993
14.42 3589083
14.43 3589211
14.44 3589094
14.45 3588846
14.46 3584883
14.47 3586953
14.48 3582407
14.49 3589378
14.50 3584196
14.51 3580993
14.52 3580940
14.53 3581492
14.54 3582060
14.55 3579691
14.56 3578508
14.57 3574154
14.58 3573033
14.59 3573285
14.60 3575676
14.61 3576556
14.62 3574336
14.63 3570706
14.64 3568765
14.65 3568701
14.66 3564565
14.67 3567959
14.68 3567415
14.69 3565773
14.70 3567463
14.71 3561449
14.72 3564344
14.73 3563936
14.74 3559287
14.75 3559113
14.76 3557209
14.77 3560348
14.78 3555430
14.79 3554775
14.80 3554543
14.81 3549693
14.82 3551829
14.83 3548359
14.84 3547527
14.85 3549352
14.86 3545138
14.87 3546148
14.88 3544696
14.89 3543452
14.90 3539257
14.91 3540755
14.92 3540918
14.93 3539241
14.94 3532697
14.95 3537572
14.96 3531384
14.97 3530227
14.98 3532745
14.99 3530300
15.00 3525604
15.01 3522655
15.02 3524373
15.03 3523114
15.04 3522908
15.05 3519412
15.06 3518410
15.07 3521221
15.08 3520105
15.09 3516973
15.10 3517770
15.11 3514975
15.12 3513061
15.13 3513596
15.14 3509572
15.15 3507635
15.16 3506767
15.17 3508802
15.18 3500677
15.19 3501661
15.20 3500242
15.21 3499000
15.22 3497586
15.23 3495319
15.24 3493110
15.25 3492223
15.26 3488002
15.27 3487027
15.28 3487799
15.29 3486445
15.30 3486220
15.31 3483667
15.32 3482968
15.33 3481133
15.34 3479587
15.35 3480646
15.36 3475537
15.37 3474627
15.38 3472484
15.39 3468650
15.40 3467850
15.41 3465499
15.42 3462635
15.43 3465475
15.44 3462966
15.45 3460000
15.46 3460939
15.47 3457241
15.48 3455052
15.49 3453725
15.50 3451007
15.51 3450004
15.52 3446579
15.53 3445339
15.54 3444338
15.55 3443631
15.56 3438224
15.57 3437579
15.58 3435172
15.59 3438554
15.60 3431881
15.61 3433168
15.62 3431745
15.63 3425973
15.64 3426789
15.65 3423994
15.66 3418109
15.67 3420144
15.68 3416558
15.69 3415131
15.70 3414357
15.71 3411853
15.72 3411531
15.73 3411759
15.74 3403695
15.75 3407418
15.76 3401284
15.77 3402928
15.78 3396374
15.79 3398128
15.80 3396856
15.81 3395807
15.82 3392788
15.83 3391320
15.84 3385281
15.85 3383034
15.86 3382094
15.87 3381713
15.88 3377798
15.89 3373639
15.90 3375725
15.91 3371176
15.92 3368099
15.93 3365456
15.94 3365276
15.95 3362997
15.96 3360181
15.97 3356999
15.98 3357062
15.99 3352781
16.00 3353794
16.01 3347942
16.02 3349241
16.03 3346353
16.04 3345818
16.05 3343353
16.06 3337352
16.07 3336662
16.08 3332905
16.09 3332482
16.10 3332921
16.11 3326453
16.12 3323144
16.13 3325551
16.14 3321737
16.15 3318857
16.16 3316010
16.17 3313292
16.18 3313527
16.19 3307849
16.20 3307043
16.21 3306547
16.22 3301437
16.23 3297158
16.24 3296199
16.25 3295833
16.26 3291978
16.27 3288056
16.28 3286996
16.29 3284627
16.30 3282411
16.31 3278098
16.32 3277687
16.33 3276355
16.34 3274038
16.35 3271337
16.36 3272055
16.37 3265232
16.38 3261462
16.39 3258339
16.40 3257610
16.41 3256927
16.42 3252317
16.43 3251203
16.44 3246034
16.45 3244854
16.46 3243857
16.47 3239025
16.48 3238797
16.49 3232054
16.50 3231385
16.51 3225044
16.52 3230132
16.53 3219255
16.54 3220283
16.55 3215913
16.56 3215844
16.57 3211122
16.58 3209173
16.59 3207489
16.60 3205700
16.61 3205115
16.62 3199563
16.63 3196917
16.64 3194349
16.65 3193488
16.66 3190961
16.67 3185684
16.68 3181354
16.69 3179160
16.70 3175740
16.71 3171855
16.72 3172117
16.73 3171193
16.74 3163291
16.75 3162651
16.76 3160510
16.77 3158090
16.78 3153242
16.79 3149031
16.80 3145486
16.81 3145533
16.82 3140607
16.83 3139368
16.84 3139225
16.85 3132688
16.86 3130751
16.87 3125156
16.88 3125456
16.89 3126550
16.90 3121952
16.91 3114238
16.92 3112796
16.93 3107783
16.94 3105966
16.95 3103745
16.96 3101429
16.97 3095288
16.98 3092151
16.99 3091209
17.00 3090330
17.01 3087235
17.02 3081418
17.03 3075925
17.04 3073955
17.05 3072439
17.06 3065823
17.07 3066382
17.08 3063878
17.09 3062484
17.10 3058884
17.11 3052634
17.12 3051817
17.13 3048362
17.14 3047088
17.15 3041254
17.16 3040168
17.17 3035025
17.18 3029790
17.19 3029510
17.20 3023999
17.21 3024161
17.22 3020196
17.23 3013798
17.24 3013957
17.25 3004298
17.26 3007671
17.27 3003254
17.28 2997239
17.29 2998658
17.30 2990622
17.31 2989107
17.32 2987442
17.33 2982802
17.34 2979680
17.35 2975227
17.36 2974444
17.37 2967809
17.38 2965315
17.39 2962865
17.40 2958908
17.41 2953831
17.42 2954767
17.43 2945025
17.44 2944581
17.45 2944583
17.46 2939139
17.47 2933181
17.48 2930879
17.49 2925337
17.50 2923796
17.51 2920058
17.52 2918578
17.53 2912109
17.54 2912615
17.55 2906908
17.56 2903980
17.57 2897779
17.58 2897153
17.59 2890428
17.60 2888384
17.61 2882113
17.62 2882003
17.63 2873109
17.64 2873510
17.65 2866196
17.66 2866152
17.67 2862787
17.68 2859584
17.69 2856768
17.70 2853091
17.71 2846379
17.72 2843552
17.73 2838545
17.74 2835246
17.75 2831075
17.76 2830309
17.77 2825527
17.78 2823550
17.79 2817056
17.80 2815984
17.81 2808165
17.82 2807020
17.83 2800551
17.84 2801708
17.85 2796556
17.86 2787343
17.87 2788112
17.88 2781473
17.89 2776677
17.90 2779839
17.91 2770658
17.92 2767073
17.93 2761364
17.94 2760462
17.95 2755225
17.96 2749898
17.97 2749158
17.98 2742688
17.99 2743053
18.00 2735674
18.01 2731367
18.02 2727465
18.03 2724799
18.04 2722411
18.05 2714100
18.06 2713733
18.07 2708904
18.08 2701585
18.09 2700862
18.10 2699527
18.11 2692656
18.12 2689961
18.13 2682455
18.14 2680300
18.15 2677235
18.16 2671792
18.17 2672066
18.18 2664645
18.19 2659982
18.20 2655141
18.21 2651124
18.22 2649049
18.23 2645422
18.24 2641355
18.25 2634488
18.26 2631490
18.27 2627004
18.28 2627178
18.29 2617417
18.30 2614393
18.31 2610711
18.32 2608377
18.33 2600270
18.34 2595985
18.35 2592720
18.36 2584729
18.37 2585310
18.38 2583081
18.39 2573881
18.40 2573880
18.41 2566258
18.42 2562565
18.43 2562009
18.44 2555948
18.45 2552905
18.46 2547394
18.47 2542503
18.48 2535165
18.49 2532106
18.50 2527762
18.51 2527772
18.52 2519018
18.53 2512949
18.54 2511964
18.55 2505544
18.56 2501240
18.57 2497594
18.58 2493623
18.59 2485513
18.60 2487377
18.61 2482941
18.62 2473695
18.63 2473976
18.64 2468063
18.65 2461486
18.66 2457764
18.67 2454243
18.68 2448684
18.69 2443187
18.70 2440002
18.71 2436765
18.72 2428462
18.73 2425996
18.74 2421661
18.75 2419472
18.76 2414728
18.77 2406441
18.78 2404190
18.79 2396720
18.80 2395732
18.81 2387896
18.82 2386310
18.83 2380392
18.84 2377752
18.85 2371762
18.86 2362843
18.87 2363874
18.88 2359711
18.89 2353448
18.90 2347316
18.91 2342580
18.92 2340650
18.93 2334584
18.94 2330551
18.95 2324710
18.96 2318640
18.97 2312350
18.98 2313616
18.99 2304306
19.00 2299560
19.01 2296836
19.02 2295671
19.03 2285982
19.04 2281435
19.05 2279868
19.06 2273803
19.07 2268009
19.08 2260293
19.09 2256592
19.10 2249494
19.11 2248935
19.12 2243219
19.13 2240125
19.14 2232703
19.15 2228453
19.16 2225531
19.17 2221351
19.18 2216513
19.19 2210883
19.20 2206030
19.21 2200098
19.22 2195295
19.23 2189152
19.24 2184040
19.25 2179096
19.26 2177763
19.27 2169200
19.28 2165056
19.29 2158231
19.30 2156187
19.31 2150618
19.32 2147303
19.33 2138494
19.34 2133167
19.35 2129960
19.36 2124369
19.37 2119449
19.38 2113242
19.39 2110437
19.40 2102633
19.41 2098727
19.42 2095214
19.43 2087481
19.44 2084965
19.45 2080153
19.46 2074842
19.47 2069722
19.48 2062983
19.49 2059163
19.50 2053067
19.51 2046408
19.52 2042679
19.53 2037695
19.54 2032628
19.55 2026177
19.56 2018630
19.57 2018338
19.58 2012920
19.59 2005675
19.60 2001412
19.61 1996476
19.62 1989938
19.63 1986404
19.64 1982605
19.65 1974636
19.66 1970993
19.67 1963374
19.68 1958535
19.69 1955463
19.70 1948633
19.71 1943786
19.72 1935161
19.73 1933537
19.74 1930042
19.75 1922360
19.76 1917149
19.77 1912023
19.78 1902773
19.79 1899041
19.80 1897217
19.81 1891018
19.82 1885264
19.83 1877960
19.84 1875116
19.85 1867733
19.86 1863235
19.87 1859617
19.88 1851528
19.89 1847269
19.90 1840023
19.91 1836629
19.92 1827026
19.93 1827255
19.94 1821306
19.95 1814105
19.96 1807803
19.97 1802704
19.98 1795947
19.99 1792647
20.00 1784741
20.01 1782033
20.02 1774569
20.03 1768197
20.04 1767418
20.05 1758895
20.06 1753927
20.07 1749894
20.08 1741422
20.09 1736436
20.10 1732545
20.11 1727856
20.12 1721158
20.13 1716646
20.14 1709605
20.15 1703709
20.16 1699157
20.17 1693454
20.18 1689847
20.19 1684759
20.20 1679020
20.21 1672154
20.22 1666622
20.23 1663514
20.24 1659724
20.25 1653589
20.26 1646565
20.27 1642520
20.28 1637869
20.29 1633986
20.30 1627078
20.31 1621551
20.32 1615652
20.33 1612836
20.34 1606004
20.35 1601822
20.36 1594782
20.37 1592469
20.38 1584281
20.39 1581193
20.40 1575433
20.41 1569556
20.42 1565260
20.43 1559595
20.44 1556623
20.45 1553754
20.46 1547399
20.47 1541917
20.48 1536995
20.49 1531943
20.50 1528035
20.51 1519730
20.52 1518170
20.53 1512456
20.54 1506497
20.55 1501141
20.56 1495168
20.57 1495318
20.58 1486762
20.59 1483829
20.60 1479018
20.61 1473046
20.62 1468220
20.63 1466108
20.64 1460135
20.65 1452535
20.66 1449512
20.67 1442018
20.68 1441923
20.69 1435723
20.70 1432221
20.71 1424249
20.72 1425600
20.73 1417207
20.74 1414445
20.75 1407561
20.76 1402802
20.77 1400154
20.78 1393903
20.79 1387850
20.80 1387069
20.81 1379808
20.82 1371977
20.83 1371583
20.84 1367056
20.85 1363350
20.86 1357771
20.87 1352014
20.88 1350135
20.89 1344205
20.90 1340108
20.91 1334860
20.92 1329248
20.93 1327447
20.94 1322788
20.95 1317849
20.96 1310074
20.97 1309030
20.98 1304502
20.99 1299596
21.00 1297343
21.01 1289662
21.02 1288269
21.03 1283495
21.04 1276917
21.05 1274671
21.06 1270452
21.07 1263056
21.08 1260918
21.09 1258222
21.10 1253966
21.11 1249830
21.12 1243817
21.13 1241487
21.14 1236216
21.15 1230255
21.16 1228516
21.17 1223591
21.18 1218633
21.19 1215664
21.20 1209792
21.21 1207820
21.22 1200494
21.23 1197390
21.24 1193739
21.25 1189317
21.26 1186996
21.27 1182503
21.28 1177862
21.29 1174085
21.30 1167699
21.31 1166887
21.32 1161269
21.33 1157405
21.34 1151839
21.35 1151004
21.36 1142911
21.37 1141133
21.38 1137478
21.39 1132069
21.40 1129140
21.41 1126668
21.42 1122640
21.43 1118390
21.44 1114840
21.45 1109329
21.46 1106382
21.47 1101389
21.48 1096506
21.49 1094273
21.50 1090162
21.51 1085809
21.52 1082844
21.53 1078736
21.54 1072635
21.55 1070710
21.56 1066592
21.57 1062810
21.58 1058077
21.59 1055327
21.60 1050548
21.61 1047474
21.62 1043773
21.63 1040402
21.64 1037262
21.65 1032946
21.66 1029348
21.67 1024572
21.68 1020558
21.69 1017597
21.70 1013632
21.71 1011677
21.72 1006637
21.73 1004816
21.74 1001080
21.75 996273
21.76 992090
21.77 988992
21.78 985529
21.79 983755
21.80 978745
21.81 973631
21.82 970329
21.83 969011
21.84 962985
21.85 960883
21.86 956007
21.87 952170
21.88 949404
21.89 946894
21.90 942506
21.91 939425
21.92 935236
21.93 932250
21.94 928013
21.95 923706
21.96 922333
21.97 917676
21.98 913235
21.99 909927
22.00 908260
22.01 904725
22.02 901833
22.03 898414
22.04 893166
22.05 889748
22.06 887907
22.07 883881
22.08 881260
22.09 877042
22.10 873843
22.11 871406
22.12 867158
22.13 863092
22.14 862296
22.15 857501
22.16 855133
22.17 851483
22.18 847937
22.19 844217
22.20 838988
22.21 836826
22.22 833620
22.23 833014
22.24 826757
22.25 824456
22.26 820000
22.27 817540
22.28 816170
22.29 811984
22.30 807511
22.31 808119
22.32 801579
22.33 799739
22.34 795515
22.35 793519
22.36 788110
22.37 786227
22.38 783664
22.39 779165
22.40 777150
22.41 773065
22.42 771727
22.43 768833
22.44 765972
22.45 762338
22.46 759675
22.47 755456
22.48 753148
22.49 750389
22.50 747157
22.51 743289
22.52 740706
22.53 739403
22.54 736151
22.55 732064
22.56 728497
22.57 725925
22.58 722531
22.59 720709
22.60 717101
22.61 714652
22.62 710109
22.63 708399
22.64 705886
22.65 702900
22.66 700374
22.67 697859
22.68 693717
22.69 691860
22.70 689541
22.71 686782
22.72 682868
22.73 681508
22.74 676633
22.75 674367
22.76 670936
22.77 668929
22.78 665331
22.79 664987
22.80 660834
22.81 658465
22.82 654378
22.83 651203
22.84 650327
22.85 647139
22.86 641997
22.87 642075
22.88 639053
22.89 635683
22.90 632624
22.91 630094
22.92 625551
22.93 622988
22.94 622378
22.95 620171
22.96 616752
22.97 614853
22.98 611776
22.99 609986
23.00 606958
23.01 605276
23.02 602475
23.03 598731
23.04 596076
23.05 592696
23.06 589865
23.07 586177
23.08 585178
23.09 582969
23.10 579906
23.11 579135
23.12 575569
23.13 573879
23.14 570978
23.15 568225
23.16 565390
23.17 562915
23.18 561357
23.19 558089
23.20 555687
23.21 553873
23.22 550960
23.23 548601
23.24 546170
23.25 544760
23.26 541632
23.27 538990
23.28 536457
23.29 534607
23.30 531340
23.31 529495
23.32 525771
23.33 523771
23.34 521748
23.35 519322
23.36 518287
23.37 514908
23.38 513223
23.39 510480
23.40 508505
23.41 505431
23.42 503164
23.43 500657
23.44 498282
23.45 496699
23.46 494244
23.47 493122
23.48 490101
23.49 487774
23.50 483758
23.51 481928
23.52 481401
23.53 479429
23.54 476723
23.55 474181
23.56 472310
23.57 468763
23.58 467973
23.59 465414
23.60 463259
23.61 462023
23.62 459056
23.63 456229
23.64 455325
23.65 451825
23.66 451080
23.67 448766
23.68 446580
23.69 443563
23.70 441951
23.71 437748
23.72 437298
23.73 435279
23.74 434092
23.75 431706
23.76 429794
23.77 426246
23.78 424957
23.79 423231
23.80 420424
23.81 418973
23.82 417253
23.83 415253
23.84 412971
23.85 410991
23.86 408739
23.87 407137
23.88 404862
23.89 402161
23.90 400185
23.91 398004
23.92 396552
23.93 395578
23.94 394145
23.95 392118
23.96 390414
23.97 386531
23.98 385318
23.99 383439
24.00 381328
24.01 379817
24.02 377593
24.03 377290
24.04 374796
24.05 371181
24.06 369856
24.07 368624
24.08 366426
24.09 364523
24.10 363652
24.11 360581
24.12 358400
24.13 357593
24.14 355522
24.15 354583
24.16 352501
24.17 349933
24.18 348643
24.19 347030
24.20 344868
24.21 342739
24.22 341720
24.23 339860
24.24 337678
24.25 335835
24.26 335740
24.27 332715
24.28 330293
24.29 329361
24.30 327349
24.31 325858
24.32 323902
24.33 322606
24.34 320397
24.35 318859
24.36 317648
24.37 315378
24.38 313758
24.39 312795
24.40 310516
24.41 309702
24.42 307084
24.43 305531
24.44 303489
24.45 303018
24.46 300521
24.47 298480
24.48 297328
24.49 296633
24.50 295037
24.51 293624
24.52 291435
24.53 290786
24.54 288061
24.55 286529
24.56 285787
24.57 282809
24.58 282100
24.59 280132
24.60 278638
24.61 278032
24.62 276320
24.63 274481
24.64 271724
24.65 271669
24.66 269651
24.67 269110
24.68 266703
24.69 265926
24.70 263677
24.71 262992
24.72 260937
24.73 259555
24.74 258110
24.75 256836
24.76 255462
24.77 253801
24.78 252020
24.79 251004
24.80 249137
24.81 248032
24.82 246978
24.83 245630
24.84 244012
24.85 242901
24.86 241091
24.87 239885
24.88 238221
24.89 237194
24.90 235406
24.91 235004
24.92 232231
24.93 231816
24.94 230889
24.95 228852
24.96 228236
24.97 227191
24.98 224755
24.99 223162
25.00 222663
25.01 221333
25.02 219986
25.03 218729
25.04 216647
25.05 216298
25.06 214535
25.07 212645
25.08 211564
25.09 211217
25.10 210468
25.11 208176
25.12 207421
25.13 205119
25.14 206353
25.15 203254
25.16 202478
25.17 200529
25.18 199931
25.19 199471
25.20 197472
25.21 195870
25.22 195781
25.23 194197
25.24 193186
25.25 191433
25.26 191532
25.27 190000
25.28 188319
25.29 186916
25.30 185133
25.31 185129
25.32 183640
25.33 182336
25.34 180888
25.35 179849
25.36 179199
25.37 177228
25.38 176986
25.39 175686
25.40 175207
25.41 173361
25.42 171887
25.43 170753
25.44 170321
25.45 170100
25.46 168659
25.47 167668
25.48 166289
25.49 165942
25.50 164207
25.51 162643
25.52 162446
25.53 161490
25.54 160492
25.55 158721
25.56 158104
25.57 157197
25.58 156213
25.59 154885
25.60 154146
25.61 153414
25.62 152185
25.63 151104
25.64 150279
25.65 148793
25.66 148377
25.67 147309
25.68 146041
25.69 145201
25.70 144566
25.71 143649
25.72 142390
25.73 141842
25.74 140438
25.75 139741
25.76 138704
25.77 138021
25.78 136888
25.79 136232
25.80 134676
25.81 134405
25.82 133323
25.83 132639
25.84 131118
25.85 130045
25.86 129425
25.87 129256
25.88 128301
25.89 127546
25.90 126503
25.91 125311
25.92 124479
25.93 124098
25.94 122914
25.95 122394
25.96 121239
25.97 121069
25.98 120318
25.99 119200
26.00 118670
26.01 117376
26.02 116108
26.03 115753
26.04 114031
26.05 114349
26.06 112754
26.07 112468
26.08 111496
26.09 110728
26.10 110355
26.11 109878
26.12 108687
26.13 107900
26.14 107053
26.15 106378
26.16 105202
26.17 104418
26.18 104044
26.19 103462
26.20 102643
26.21 102090
26.22 101718
26.23 100674
26.24 99802
26.25 98955
26.26 98133
26.27 97973
26.28 96490
26.29 95967
26.30 95325
26.31 94939
26.32 94343
26.33 92903
26.34 93033
26.35 92050
26.36 91765
26.37 90399
26.38 90288
26.39 90365
26.40 89199
26.41 88016
26.42 87550
26.43 86973
26.44 86515
26.45 85531
26.46 84519
26.47 84744
26.48 83925
26.49 83494
26.50 82388
26.51 81799
26.52 81060
26.53 80449
26.54 80226
26.55 79743
26.56 79057
26.57 78248
26.58 77687
26.59 77181
26.60 76244
26.61 75960
26.62 75658
26.63 75069
26.64 73924
26.65 73345
26.66 73433
26.67 72462
26.68 72440
26.69 71721
26.70 70631
26.71 70169
26.72 70057
26.73 69468
26.74 68401
26.75 68340
26.76 67855
26.77 67026
26.78 66259
26.79 65738
26.80 65442
26.81 65089
26.82 64623
26.83 64315
26.84 63116
26.85 63271
26.86 62395
26.87 62491
26.88 61597
26.89 61817
26.90 60664
26.91 60073
26.92 59952
26.93 59304
26.94 58553
26.95 58210
26.96 58127
26.97 57151
26.98 56640
26.99 56443
27.00 55967
27.01 55486
27.02 55530
27.03 54619
27.04 54391
27.05 53816
27.06 53214
27.07 53022
27.08 52474
27.09 51913
27.10 52024
27.11 51406
27.12 51110
27.13 50396
27.14 50379
27.15 49842
27.16 49399
27.17 48870
27.18 48742
27.19 48189
27.20 47798
27.21 47384
27.22 47097
27.23 46630
27.24 46134
27.25 46004
27.26 45796
27.27 45333
27.28 45205
27.29 44461
27.30 43968
27.31 43116
27.32 43081
27.33 42779
27.34 42493
27.35 42175
27.36 42016
27.37 41201
27.38 41487
27.39 41212
27.40 40139
27.41 40441
27.42 39881
27.43 39644
27.44 39035
27.45 38591
27.46 38659
27.47 38418
27.48 37891
27.49 37498
27.50 37433
27.51 36965
27.52 36482
27.53 36777
27.54 36023
27.55 35452
27.56 35186
27.57 35019
27.58 34930
27.59 34410
27.60 34264
27.61 33794
27.62 33549
27.63 33097
27.64 32903
27.65 32988
27.66 32528
27.67 32351
27.68 31680
27.69 31614
27.70 31625
27.71 31215
27.72 30983
27.73 30728
27.74 30272
27.75 30132
27.76 29873
27.77 29477
27.78 29626
27.79 28820
27.80 28938
27.81 28418
27.82 28257
27.83 28006
27.84 27673
27.85 27535
27.86 27276
27.87 27590
27.88 27337
27.89 26777
27.90 26286
27.91 26219
27.92 25734
27.93 25469
27.94 25468
27.95 25497
27.96 24873
27.97 24827
27.98 24432
27.99 24535
28.00 24022
28.01 23970
28.02 23734
28.03 24016
28.04 23375
28.05 23435
28.06 23156
28.07 22738
28.08 22806
28.09 22209
28.10 22437
28.11 22157
28.12 21692
28.13 21739
28.14 21178
28.15 21125
28.16 21021
28.17 20761
28.18 20673
28.19 20624
28.20 20061
28.21 20201
28.22 19762
28.23 19755
28.24 19543
28.25 19346
28.26 19295
28.27 19225
28.28 19139
28.29 18905
28.30 18285
28.31 18527
28.32 18057
28.33 18088
28.34 17839
28.35 17589
28.36 17584
28.37 17366
28.38 17259
28.39 17253
28.40 17219
28.41 16807
28.42 16791
28.43 16619
28.44 16390
28.45 16252
28.46 16312
28.47 16281
28.48 15808
28.49 15622
28.50 15528
28.51 15430
28.52 15212
28.53 15258
28.54 15139
28.55 14922
28.56 14765
28.57 14500
28.58 14324
28.59 14397
28.60 14311
28.61 14047
28.62 13788
28.63 13727
28.64 13496
28.65 13522
28.66 13225
28.67 13069
28.68 13060
28.69 12942
28.70 12949
28.71 12874
28.72 12597
28.73 12533
28.74 12431
28.75 12306
28.76 12096
28.77 12028
28.78 11904
28.79 11853
28.80 11953
28.81 11563
28.82 11661
28.83 11302
28.84 11287
28.85 11208
28.86 11122
28.87 10981
28.88 10929
28.89 10801
28.90 10710
28.91 10551
28.92 10624
28.93 10294
28.94 10201
28.95 10147
28.96 10076
28.97 10032
28.98 9867
28.99 9784
29.00 9709
29.01 9409
29.02 9399
29.03 9347
29.04 9308
29.05 9184
29.06 9181
29.07 9070
29.08 8994
29.09 8975
29.10 8725
29.11 8843
29.12 8565
29.13 8385
29.14 8339
29.15 8480
29.16 8392
29.17 8121
29.18 8115
29.19 8032
29.20 7945
29.21 7704
29.22 7763
29.23 7558
29.24 7679
29.25 7596
29.26 7392
29.27 7671
29.28 7255
29.29 7274
29.30 7093
29.31 7075
29.32 7156
29.33 6949
29.34 6832
29.35 6876
29.36 6722
29.37 6681
29.38 6759
29.39 6628
29.40 6420
29.41 6384
29.42 6460
29.43 6355
29.44 6247
29.45 6021
29.46 6099
29.47 6041
29.48 5970
29.49 5802
29.50 5875
29.51 5786
29.52 5561
29.53 5663
29.54 5600
29.55 5554
29.56 5521
29.57 5367
29.58 5226
29.59 5304
29.60 5275
29.61 5302
29.62 5219
29.63 5014
29.64 5016
29.65 4901
29.66 4847
29.67 4851
29.68 4871
29.69 4638
29.70 4633
29.71 4562
29.72 4457
29.73 4487
29.74 4508
29.75 4461
29.76 4391
29.77 4405
29.78 4235
29.79 4410
29.80 4189
29.81 4166
29.82 4082
29.83 4015
29.84 4021
29.85 3901
29.86 3997
29.87 3939
29.88 3778
29.89 3768
29.90 3845
29.91 3787
29.92 3689
29.93 3652
29.94 3661
29.95 3615
29.96 3559
29.97 3394
29.98 3455
29.99 3321
30.00 3341
30.01 3382
30.02 3232
30.03 3229
30.04 3192
30.05 3063
30.06 2998
30.07 3088
30.08 3015
30.09 2979
30.10 3000
30.11 2893
30.12 2841
30.13 2864
30.14 2776
30.15 2792
30.16 2693
30.17 2797
30.18 2728
30.19 2660
30.20 2783
30.21 2651
30.22 2537
30.23 2475
30.24 2545
30.25 2541
30.26 2464
30.27 2454
30.28 2414
30.29 2311
30.30 2273
30.31 2270
30.32 2279
30.33 2190
30.34 2286
30.35 2204
30.36 2127
30.37 2197
30.38 2053
30.39 2113
30.40 2082
30.41 1988
30.42 2041
30.43 2004
30.44 1969
30.45 1932
30.46 1898
30.47 1766
30.48 1821
30.49 1854
30.50 1786
30.51 1803
30.52 1754
30.53 1764
30.54 1678
30.55 1640
30.56 1648
30.57 1557
30.58 1574
30.59 1587
30.60 1567
30.61 1518
30.62 1538
30.63 1474
30.64 1462
30.65 1575
30.66 1442
30.67 1480
30.68 1370
30.69 1430
30.70 1374
30.71 1379
30.72 1357
30.73 1322
30.74 1293
30.75 1257
30.76 1251
30.77 1197
30.78 1272
30.79 1242
30.80 1186
30.81 1183
30.82 1164
30.83 1151
30.84 1113
30.85 1164
30.86 1058
30.87 1076
30.88 1040
30.89 1009
30.90 978
30.91 1062
30.92 1017
30.93 1001
30.94 928
30.95 982
30.96 942
30.97 968
30.98 893
30.99 887
31.00 876
31.01 875
31.02 904
31.03 854
31.04 777
31.05 876
31.06 764
31.07 779
31.08 839
31.09 827
31.10 798
31.11 774
31.12 751
31.13 732
31.14 749
31.15 710
31.16 743
31.17 702
31.18 707
31.19 665
31.20 668
31.21 648
31.22 698
31.23 649
31.24 587
31.25 644
31.26 593
31.27 607
31.28 589
31.29 541
31.30 544
31.31 517
31.32 540
31.33 538
31.34 536
31.35 587
31.36 523
31.37 521
31.38 504
31.39 471
31.40 442
31.41 444
31.42 471
31.43 450
31.44 454
31.45 441
31.46 405
31.47 437
31.48 420
31.49 429
31.50 433
31.51 423
31.52 397
31.53 419
31.54 384
31.55 357
31.56 339
31.57 369
31.58 389
31.59 371
31.60 310
31.61 366
31.62 309
31.63 306
31.64 298
31.65 295
31.66 301
31.67 310
31.68 299
31.69 284
31.70 310
31.71 271
31.72 261
31.73 268
31.74 254
31.75 259
31.76 207
31.77 231
31.78 236
31.79 234
31.80 217
31.81 220
31.82 235
31.83 248
31.84 201
31.85 186
31.86 227
31.87 222
31.88 176
31.89 218
31.90 207
31.91 184
31.92 208
31.93 158
31.94 181
31.95 211
31.96 175
31.97 168
31.98 161
31.99 139
32.00 171
32.01 159
32.02 165
32.03 160
32.04 145
32.05 140
32.06 145
32.07 128
32.08 116
32.09 116
32.10 113
32.11 121
32.12 128
32.13 115
32.14 110
32.15 103
32.16 109
32.17 94
32.18 96
32.19 90
32.20 80
32.21 99
32.22 88
32.23 74
32.24 80
32.25 99
32.26 74
32.27 101
32.28 82
32.29 72
32.30 68
32.31 79
32.32 72
32.33 65
32.34 73
32.35 72
32.36 75
32.37 60
32.38 71
32.39 64
32.40 64
32.41 65
32.42 52
32.43 65
32.44 68
32.45 62
32.46 59
32.47 51
32.48 56
32.49 64
32.50 41
32.51 46
32.52 44
32.53 52
32.54 47
32.55 46
32.56 49
32.57 36
32.58 51
32.59 50
32.60 43
32.61 34
32.62 35
32.63 40
32.64 38
32.65 25
32.66 25
32.67 36
32.68 35
32.69 39
32.70 36
32.71 27
32.72 27
32.73 31
32.74 29
32.75 32
32.76 28
32.77 25
32.78 28
32.79 19
32.80 20
32.81 25
32.82 19
32.83 18
32.84 14
32.85 19
32.86 24
32.87 17
32.88 15
32.89 20
32.90 11
32.91 19
32.92 17
32.93 16
32.94 12
32.95 12
32.96 10
32.97 19
32.98 15
32.99 13
33.00 7
33.01 13
33.02 10
33.03 11
33.04 5
33.05 12
33.06 11
33.07 9
33.08 7
33.09 4
33.10 7
33.11 12
33.12 3
33.13 4
33.14 7
33.15 11
33.16 11
33.17 9
33.18 5
33.19 8
33.20 7
33.21 4
33.22 12
33.23 4
33.24 5
33.25 6
33.26 2
33.27 5
33.28 3
33.29 3
33.30 3
33.31 3
33.32 7
33.33 7
33.34 5
33.35 8
33.36 2
33.37 2
33.39 7
33.40 1
33.41 2
33.42 2
33.43 1
33.44 1
33.45 5
33.48 5
33.50 2
33.51 1
33.52 3
33.54 2
33.57 1
33.58 1
33.61 2
33.62 2
33.63 1
33.64 3
33.65 2
33.66 1
33.67 2
33.68 2
33.69 2
33.78 1
33.81 1
33.83 1
33.87 1
33.92 1
34.15 1
