2.684552E-1
2.697013E-1
2.711649E-1
2.697013E-1
2.661806E-1
2.636885E-1
2.684552E-1
2.599503E-1
2.616117E-1
2.651324E-1
2.674267E-1
2.630556E-1
2.688706E-1
2.647170E-1
2.701166E-1
2.672092E-1
2.626402E-1
2.676245E-1
2.618095E-1
2.709474E-1
2.672092E-1
2.682574E-1
2.663785E-1
2.724110E-1
2.641039E-1
2.690881E-1
2.721934E-1
2.647170E-1
2.697013E-1
2.657653E-1
2.686728E-1
2.638863E-1
2.688706E-1
2.672092E-1
2.653499E-1
2.705320E-1
2.665960E-1
2.709474E-1
2.674267E-1
2.670114E-1
2.626402E-1
2.697013E-1
2.755162E-1
2.670114E-1
2.636885E-1
2.686728E-1
2.753184E-1
2.670114E-1
2.647170E-1
2.653499E-1
2.805005E-1
2.728263E-1
2.672092E-1
2.674267E-1
2.740724E-1
2.674267E-1
2.705320E-1
2.699189E-1
2.680399E-1
2.734395E-1
2.732417E-1
2.730241E-1
2.674267E-1
2.707496E-1
2.701166E-1
2.746855E-1
2.765645E-1
2.719956E-1
2.736571E-1
2.678421E-1
2.728263E-1
2.711649E-1
2.719956E-1
2.670114E-1
2.709474E-1
2.742702E-1
2.711649E-1
2.707496E-1
2.707496E-1
2.732417E-1
2.728263E-1
2.695035E-1
2.707496E-1
2.753184E-1
2.734395E-1
2.719956E-1
2.732417E-1
2.744877E-1
2.697013E-1
2.713627E-1
2.732417E-1
2.749031E-1
2.751009E-1
2.732417E-1
2.744877E-1
2.728263E-1
2.738548E-1
2.724110E-1
2.769799E-1
2.811334E-1
2.749031E-1
2.759316E-1
2.721934E-1
2.738548E-1
2.724110E-1
2.715803E-1
2.742702E-1
2.744877E-1
2.792544E-1
2.773952E-1
2.763469E-1
2.724110E-1
2.719956E-1
2.751009E-1
2.759316E-1
2.780083E-1
2.738548E-1
2.738548E-1
2.800851E-1
2.778106E-1
2.709474E-1
2.740724E-1
2.732417E-1
2.740724E-1
2.742702E-1
2.715803E-1
2.757338E-1
2.726088E-1
2.773952E-1
2.740724E-1
2.761492E-1
2.740724E-1
2.794720E-1
2.798873E-1
2.769799E-1
2.805005E-1
2.798873E-1
2.740724E-1
2.728263E-1
2.755162E-1
2.738548E-1
2.734395E-1
2.734395E-1
2.672092E-1
2.726088E-1
2.742702E-1
2.784237E-1
2.780083E-1
2.751009E-1
2.751009E-1
2.767623E-1
2.749031E-1
2.771777E-1
2.782259E-1
2.711649E-1
2.834079E-1
2.825772E-1
2.761492E-1
2.759316E-1
2.742702E-1
2.775930E-1
2.761492E-1
2.751009E-1
2.726088E-1
2.796697E-1
2.798873E-1
2.788391E-1
2.707496E-1
2.761492E-1
2.742702E-1
2.792544E-1
2.755162E-1
2.800851E-1
2.759316E-1
2.757338E-1
2.782259E-1
2.759316E-1
2.744877E-1
2.736571E-1
2.780083E-1
2.761492E-1
2.771777E-1
2.755162E-1
2.744877E-1
2.738548E-1
2.788391E-1
2.728263E-1
2.759316E-1
2.742702E-1
2.815487E-1
2.738548E-1
2.692859E-1
2.759316E-1
2.755162E-1
2.736571E-1
2.755162E-1
2.771777E-1
2.763469E-1
2.721934E-1
2.767623E-1
2.742702E-1
2.738548E-1
2.755162E-1
2.771777E-1
2.784237E-1
2.734395E-1
2.807180E-1
2.809158E-1
2.765645E-1
2.888074E-1
2.829925E-1
2.815487E-1
2.888074E-1
2.875614E-1
2.848517E-1
2.929609E-1
2.931587E-1
3.014655E-1
2.983603E-1
3.018808E-1
3.091394E-1
3.108008E-1
3.199382E-1
3.199382E-1
3.259704E-1
3.307368E-1
3.402893E-1
3.504548E-1
3.519183E-1
3.548255E-1
3.664346E-1
3.716359E-1
3.872001E-1
3.867848E-1
4.009050E-1
4.071345E-1
4.152229E-1
4.336934E-1
4.413662E-1
4.467649E-1
4.592232E-1
4.683592E-1
4.760318E-1
4.893202E-1
5.048826E-1
5.121593E-1
5.277213E-1
5.430655E-1
5.553249E-1
5.675643E-1
5.814645E-1
5.964124E-1
6.138513E-1
6.260900E-1
6.399894E-1
6.495388E-1
6.719394E-1
6.873010E-1
7.026625E-1
7.163630E-1
7.333649E-1
7.499712E-1
7.684352E-1
7.842107E-1
8.049474E-1
8.207222E-1
8.452141E-1
8.501757E-1
8.837988E-1
8.954216E-1
9.144956E-1
9.327591E-1
9.553705E-1
9.781790E-1
1.000592E+0
1.011798E+0
1.034190E+0
1.052866E+0
1.075475E+0
1.092273E+0
1.120493E+0
1.140195E+0
1.156360E+0
1.178769E+0
1.203251E+0
1.228544E+0
1.249706E+0
1.262964E+0
1.291792E+0
1.320836E+0
1.339072E+0
1.362307E+0
1.380562E+0
1.405850E+0
1.426178E+0
1.452097E+0
1.475527E+0
1.499785E+0
1.520921E+0
1.549129E+0
1.571094E+0
1.593079E+0
1.622094E+0
1.647811E+0
1.670820E+0
1.694244E+0
1.722230E+0
1.745653E+0
1.764513E+0
1.790640E+0
1.814674E+0
1.847217E+0
1.870637E+0
1.898618E+0
1.919766E+0
1.945672E+0
1.968457E+0
1.996238E+0
2.022339E+0
2.048657E+0
2.073533E+0
2.094460E+0
2.123461E+0
2.148118E+0
2.175893E+0
2.203233E+0
2.228106E+0
2.259175E+0
2.280315E+0
2.303922E+0
2.333134E+0
2.360470E+0
2.388851E+0
2.413916E+0
2.440026E+0
2.466116E+0
2.490152E+0
2.520799E+0
2.543374E+0
2.573625E+0
2.603855E+0
2.626645E+0
2.651073E+0
2.680689E+0
2.705549E+0
2.735163E+0
2.763533E+0
2.792101E+0
2.818595E+0
2.844280E+0
2.866434E+0
2.893361E+0
2.926066E+0
2.951729E+0
2.975754E+0
3.008457E+0
3.034749E+0
3.060014E+0
3.090230E+0
3.122120E+0
3.147364E+0
3.172212E+0
3.189586E+0
3.220231E+0
3.246517E+0
3.275898E+0
3.301769E+0
3.330952E+0
3.361159E+0
3.389511E+0
3.414551E+0
3.436692E+0
3.466284E+0
3.495462E+0
3.520499E+0
3.545752E+0
3.577608E+0
3.599962E+0
3.633472E+0
3.657068E+0
3.685609E+0
3.711468E+0
3.741053E+0
3.764842E+0
3.790897E+0
3.819238E+0
3.846967E+0
3.875088E+0
3.895564E+0
3.924946E+0
3.950583E+0
3.978091E+0
4.003530E+0
4.026899E+0
4.051726E+0
4.079014E+0
4.101771E+0
4.122852E+0
4.146238E+0
4.171042E+0
4.188005E+0
4.219014E+0
4.231621E+0
4.272163E+0
4.284554E+0
4.303583E+0
4.324265E+0
4.348238E+0
4.367266E+0
4.391237E+0
4.405911E+0
4.436519E+0
4.451408E+0
4.465865E+0
4.486545E+0
4.501848E+0
4.518785E+0
4.535525E+0
4.550630E+0
4.570048E+0
4.589071E+0
4.607267E+0
4.619457E+0
4.635565E+0
4.646730E+0
4.664098E+0
4.678985E+0
4.693438E+0
4.707911E+0
4.721143E+0
4.733547E+0
4.743038E+0
4.759577E+0
4.767433E+0
4.777770E+0
4.789131E+0
4.801535E+0
4.813505E+0
4.829216E+0
4.834178E+0
4.841620E+0
4.856504E+0
4.862292E+0
4.869714E+0
4.883358E+0
4.890799E+0
4.896174E+0
4.905879E+0
4.915998E+0
4.923853E+0
4.931708E+0
4.938952E+0
4.947004E+0
4.947004E+0
4.955883E+0
4.962083E+0
4.970134E+0
4.972418E+0
4.972831E+0
4.983166E+0
4.993895E+0
4.993482E+0
5.000312E+0
5.004643E+0
5.007536E+0
5.010430E+0
5.017654E+0
5.017870E+0
5.023244E+0
5.033165E+0
5.033165E+0
5.030055E+0
5.034406E+0
5.036255E+0
5.042043E+0
5.045133E+0
5.044307E+0
5.048440E+0
5.047613E+0
5.049070E+0
5.052987E+0
5.050920E+0
5.059601E+0
5.057948E+0
5.054857E+0
5.057121E+0
5.058361E+0
5.056707E+0
5.060015E+0
5.059404E+0
5.059601E+0
5.059601E+0
5.059188E+0
5.062081E+0
5.058774E+0
5.062908E+0
5.063321E+0
5.057534E+0
5.060841E+0
5.055881E+0
5.057121E+0
5.055467E+0
5.052160E+0
5.050310E+0
5.055881E+0
5.047003E+0
5.050507E+0
5.047200E+0
5.048854E+0
5.048027E+0
5.040606E+0
5.045547E+0
5.037910E+0
5.035645E+0
5.038539E+0
5.034819E+0
5.032339E+0
5.031098E+0
5.023244E+0
5.023855E+0
5.022005E+0
5.024072E+0
5.022005E+0
5.017870E+0
5.013323E+0
5.012497E+0
5.009603E+0
5.002989E+0
5.001749E+0
4.996788E+0
4.987497E+0
4.989367E+0
4.990194E+0
4.979859E+0
4.981513E+0
4.977989E+0
4.977792E+0
4.972615E+0
4.972615E+0
4.962910E+0
4.964977E+0
4.957339E+0
4.955883E+0
4.949268E+0
4.947417E+0
4.941413E+0
4.936886E+0
4.937713E+0
4.928617E+0
4.929228E+0
4.922003E+0
4.914758E+0
4.914974E+0
4.911254E+0
4.908164E+0
4.905269E+0
4.898438E+0
4.894303E+0
4.890799E+0
4.882944E+0
4.886251E+0
4.875503E+0
4.878397E+0
4.872195E+0
4.867450E+0
4.862292E+0
4.859812E+0
4.855678E+0
4.851543E+0
4.846995E+0
4.846581E+0
4.848649E+0
4.843274E+0
4.839966E+0
4.837899E+0
4.835832E+0
4.832525E+0
4.830043E+0
4.830870E+0
4.828804E+0
4.822188E+0
4.823842E+0
4.826736E+0
4.827563E+0
4.828390E+0
4.830043E+0
4.829216E+0
4.830870E+0
4.834178E+0
4.832938E+0
4.836658E+0
4.846168E+0
4.843274E+0
4.844514E+0
4.847192E+0
4.851129E+0
4.858984E+0
4.865581E+0
4.868887E+0
4.875916E+0
4.874676E+0
4.879223E+0
4.887905E+0
4.894520E+0
4.900722E+0
4.908164E+0
4.915585E+0
4.923026E+0
4.930881E+0
4.947201E+0
4.948854E+0
4.958776E+0
4.968284E+0
4.975922E+0
4.990607E+0
5.000509E+0
5.008776E+0
5.023244E+0
5.030272E+0
5.040606E+0
5.052160E+0
5.063321E+0
5.076135E+0
5.091842E+0
5.096783E+0
5.112903E+0
5.123650E+0
5.133983E+0
5.155672E+0
5.167029E+0
5.181278E+0
5.195743E+0
5.206903E+0
5.219715E+0
5.232507E+0
5.253584E+0
5.266809E+0
5.277535E+0
5.285800E+0
5.313685E+0
5.339306E+0
5.344678E+0
5.364908E+0
5.373585E+0
5.393007E+0
5.406210E+0
5.428936E+0
5.447944E+0
5.452056E+0
5.474369E+0
5.496267E+0
5.508032E+0
5.527432E+0
5.541479E+0
5.564203E+0
5.577011E+0
5.600540E+0
5.620980E+0
5.636049E+0
5.658555E+0
5.671361E+0
5.697386E+0
5.709346E+0
5.726283E+0
5.744458E+0
5.770875E+0
5.785943E+0
5.803093E+0
5.826834E+0
5.846031E+0
5.870792E+0
5.889575E+0
5.899075E+0
5.926333E+0
5.946137E+0
5.969265E+0
5.979177E+0
6.000848E+0
6.018389E+0
6.040473E+0
6.059882E+0
6.085877E+0
6.108176E+0
6.128389E+0
6.143667E+0
6.170486E+0
6.185154E+0
6.205780E+0
6.226011E+0
6.247048E+0
6.270581E+0
6.292856E+0
6.308956E+0
6.334140E+0
6.358694E+0
6.372101E+0
6.396241E+0
6.416881E+0
6.435437E+0
6.455448E+0
6.485168E+0
6.501462E+0
6.526012E+0
6.546021E+0
6.567267E+0
6.585016E+0
6.609346E+0
6.628745E+0
6.656376E+0
6.671863E+0
6.696192E+0
6.719715E+0
6.739917E+0
6.763026E+0
6.790241E+0
6.807573E+0
6.835416E+0
6.846970E+0
6.867581E+0
6.894401E+0
6.911299E+0
6.936054E+0
6.964503E+0
6.978943E+0
7.001635E+0
7.023068E+0
7.046368E+0
7.062044E+0
7.089664E+0
7.108641E+0
7.135435E+0
7.155648E+0
7.176685E+0
7.202240E+0
7.220801E+0
7.242446E+0
7.268000E+0
7.291097E+0
7.320360E+0
7.335208E+0
7.356242E+0
7.375606E+0
7.398485E+0
7.418281E+0
7.442179E+0
7.460324E+0
7.479293E+0
7.504841E+0
7.514737E+0
7.540303E+0
7.565436E+0
7.584404E+0
7.610576E+0
7.630348E+0
7.650551E+0
7.664157E+0
7.684752E+0
7.698770E+0
7.728847E+0
7.741019E+0
7.758726E+0
7.775217E+0
7.791294E+0
7.812299E+0
7.825490E+0
7.843216E+0
7.864632E+0
7.874938E+0
7.896373E+0
7.908719E+0
7.920064E+0
7.942303E+0
7.950959E+0
7.959615E+0
7.978555E+0
7.990096E+0
8.001637E+0
8.016475E+0
8.029231E+0
8.042832E+0
8.050055E+0
8.065284E+0
8.069621E+0
8.080946E+0
8.094133E+0
8.100727E+0
8.114307E+0
8.122550E+0
8.129968E+0
8.135737E+0
8.148101E+0
8.153851E+0
8.161268E+0
8.169923E+0
8.179812E+0
8.183109E+0
8.188467E+0
8.193824E+0
8.202477E+0
8.207403E+0
8.211936E+0
8.213172E+0
8.221414E+0
8.225534E+0
8.227182E+0
8.233972E+0
8.235620E+0
8.240152E+0
8.242625E+0
8.246333E+0
8.248394E+0
8.249218E+0
8.251494E+0
8.259108E+0
8.255399E+0
8.257459E+0
8.259304E+0
8.262403E+0
8.265485E+0
8.262600E+0
8.263012E+0
8.266936E+0
8.264660E+0
8.267349E+0
8.263836E+0
8.259716E+0
8.258696E+0
8.267349E+0
8.261168E+0
8.263836E+0
8.256831E+0
8.261776E+0
8.251279E+0
8.253339E+0
8.251906E+0
8.244273E+0
8.245314E+0
8.242213E+0
8.241605E+0
8.247158E+0
8.240976E+0
8.234188E+0
8.231715E+0
8.233560E+0
8.225946E+0
8.219765E+0
8.221002E+0
8.216056E+0
8.211936E+0
8.207814E+0
8.201653E+0
8.198357E+0
8.190527E+0
8.191351E+0
8.192176E+0
8.188054E+0
8.181048E+0
8.173632E+0
8.168274E+0
8.166214E+0
8.151398E+0
8.149337E+0
8.154263E+0
8.139446E+0
8.141507E+0
8.134913E+0
8.122962E+0
8.123374E+0
8.115955E+0
8.104417E+0
8.099903E+0
8.096803E+0
8.088364E+0
8.080533E+0
8.083418E+0
8.074155E+0
8.065088E+0
8.060338E+0
8.056021E+0
8.044697E+0
8.038299E+0
8.031920E+0
8.027387E+0
8.020596E+0
8.015651E+0
8.006582E+0
7.999988E+0
7.997103E+0
7.982265E+0
7.978555E+0
7.973825E+0
7.975257E+0
7.962500E+0
7.951371E+0
7.945601E+0
7.935296E+0
7.927464E+0
7.924167E+0
7.915942E+0
7.906874E+0
7.899042E+0
7.901927E+0
7.884418E+0
7.877195E+0
7.868558E+0
7.855564E+0
7.860510E+0
7.849792E+0
7.839094E+0
7.831262E+0
7.820544E+0
7.815597E+0
7.806941E+0
7.799932E+0
7.790057E+0
7.786347E+0
7.772331E+0
7.763674E+0
7.760375E+0
7.748420E+0
7.743079E+0
7.740803E+0
7.728847E+0
7.724311E+0
7.713612E+0
7.704130E+0
7.697946E+0
7.685989E+0
7.683516E+0
7.677331E+0
7.670734E+0
7.662095E+0
7.656323E+0
7.650139E+0
7.649727E+0
7.640244E+0
7.628286E+0
7.624164E+0
7.620452E+0
7.615524E+0
7.614700E+0
7.606041E+0
7.602330E+0
7.598619E+0
7.598619E+0
7.591197E+0
7.590373E+0
7.589136E+0
7.582539E+0
7.582127E+0
7.580890E+0
7.582951E+0
7.578219E+0
7.577179E+0
7.572446E+0
7.580064E+0
7.581714E+0
7.578631E+0
7.580477E+0
7.581518E+0
7.587702E+0
7.587074E+0
7.586249E+0
7.594496E+0
7.597991E+0
7.600465E+0
7.598619E+0
7.602330E+0
7.610361E+0
7.613875E+0
7.615937E+0
7.624989E+0
7.630761E+0
7.637162E+0
7.642109E+0
7.644367E+0
7.657560E+0
7.666219E+0
7.662920E+0
7.676919E+0
7.688463E+0
7.692174E+0
7.702480E+0
7.717735E+0
7.719364E+0
7.721230E+0
7.733598E+0
7.743492E+0
7.750284E+0
7.759139E+0
7.772743E+0
7.785935E+0
7.791707E+0
7.801168E+0
7.817245E+0
7.822605E+0
7.833931E+0
7.849380E+0
7.849380E+0
7.874722E+0
7.882967E+0
7.900279E+0
7.912429E+0
7.922734E+0
7.940870E+0
7.949722E+0
7.962500E+0
7.971980E+0
7.989684E+0
7.995670E+0
8.015651E+0
8.030880E+0
8.045934E+0
8.056629E+0
8.073527E+0
8.088776E+0
8.103593E+0
8.115544E+0
8.125847E+0
8.144588E+0
8.162505E+0
8.175495E+0
8.196296E+0
8.205970E+0
8.219980E+0
8.234600E+0
8.252103E+0
8.269821E+0
8.284636E+0
8.299469E+0
8.315126E+0
8.331176E+0
8.346009E+0
8.364962E+0
8.382247E+0
8.399139E+0
8.415619E+0
8.431059E+0
8.446303E+0
8.465646E+0
8.485009E+0
8.499840E+0
8.524538E+0
8.537720E+0
8.554609E+0
8.567772E+0
8.586720E+0
8.606905E+0
8.622342E+0
8.635111E+0
8.651979E+0
8.670927E+0
8.693150E+0
8.706330E+0
8.726512E+0
8.748125E+0
8.758833E+0
8.780446E+0
8.792174E+0
8.816041E+0
8.831083E+0
8.855165E+0
8.869970E+0
8.891797E+0
8.905170E+0
8.921642E+0
8.935015E+0
8.959919E+0
8.978645E+0
8.993253E+0
9.013644E+0
9.035860E+0
9.050467E+0
9.074759E+0
9.081759E+0
9.110364E+0
9.116951E+0
9.145340E+0
9.173316E+0
9.179903E+0
9.200899E+0
9.214896E+0
9.230931E+0
9.257278E+0
9.273314E+0
9.291641E+0
9.309733E+0
9.329905E+0
9.352113E+0
9.367754E+0
9.387511E+0
9.402721E+0
9.421244E+0
9.439765E+0
9.466909E+0
9.478218E+0
9.500031E+0
9.515671E+0
9.541990E+0
9.555161E+0
9.573679E+0
9.594236E+0
9.611520E+0
9.632488E+0
9.649163E+0
9.663547E+0
9.687001E+0
9.699542E+0
9.713728E+0
9.742120E+0
9.754053E+0
9.771314E+0
9.791063E+0
9.796001E+0
9.823959E+0
9.838555E+0
9.855835E+0
9.866944E+0
9.887906E+0
9.901483E+0
9.921229E+0
9.930692E+0
9.943837E+0
9.959059E+0
9.976532E+0
9.994417E+0
1.000409E+1
1.001499E+1
1.002917E+1
1.003904E+1
1.004809E+1
1.006123E+1
1.007316E+1
1.008262E+1
1.009702E+1
1.010319E+1
1.011633E+1
1.012930E+1
1.013709E+1
1.014266E+1
1.015807E+1
1.016444E+1
1.016608E+1
1.017411E+1
1.017740E+1
1.019383E+1
1.019753E+1
1.020411E+1
1.021193E+1
1.021769E+1
1.021769E+1
1.022057E+1
1.023249E+1
1.023741E+1
1.023741E+1
1.024111E+1
1.024893E+1
1.024893E+1
1.024234E+1
1.025592E+1
1.025263E+1
1.025962E+1
1.026661E+1
1.026332E+1
1.026908E+1
1.026743E+1
1.026538E+1
1.026866E+1
1.026784E+1
1.026743E+1
1.026990E+1
1.027278E+1
1.026702E+1
1.027319E+1
1.026866E+1
1.026661E+1
1.026538E+1
1.026167E+1
1.026538E+1
1.025962E+1
1.025304E+1
1.025695E+1
1.025304E+1
1.025180E+1
1.025221E+1
1.024399E+1
1.023947E+1
1.024749E+1
1.023496E+1
1.023496E+1
1.022838E+1
1.022879E+1
1.022098E+1
1.021892E+1
1.020700E+1
1.020741E+1
1.020329E+1
1.019918E+1
1.019219E+1
1.019035E+1
1.018234E+1
1.017554E+1
1.017041E+1
1.016279E+1
1.015993E+1
1.015458E+1
1.014718E+1
1.013361E+1
1.013608E+1
1.012332E+1
1.012168E+1
1.011345E+1
1.010442E+1
1.009990E+1
1.009085E+1
1.008591E+1
1.007440E+1
1.007214E+1
1.006822E+1
1.005796E+1
1.004727E+1
1.003739E+1
1.003369E+1
1.003040E+1
1.001436E+1
1.001148E+1
1.000492E+1
1.000018E+1
9.985993E+0
9.980039E+0
9.973241E+0
9.959881E+0
9.954122E+0
9.946306E+0
9.939723E+0
9.928635E+0
9.924932E+0
9.910122E+0
9.894489E+0
9.886672E+0
9.880521E+0
9.878464E+0
9.864475E+0
9.863241E+0
9.850076E+0
9.835264E+0
9.828701E+0
9.821491E+0
9.805660E+0
9.799489E+0
9.787145E+0
9.777701E+0
9.772138E+0
9.761028E+0
9.746235E+0
9.745823E+0
9.731010E+0
9.720312E+0
9.714963E+0
9.698936E+0
9.689059E+0
9.678772E+0
9.671776E+0
9.662312E+0
9.655120E+0
9.641757E+0
9.632704E+0
9.620770E+0
9.606994E+0
9.599174E+0
9.586417E+0
9.579421E+0
9.573267E+0
9.560510E+0
9.548575E+0
9.539521E+0
9.528409E+0
9.516494E+0
9.506617E+0
9.495915E+0
9.490153E+0
9.474925E+0
9.464656E+0
9.458678E+0
9.451897E+0
9.440372E+0
9.425771E+0
9.420009E+0
9.411777E+0
9.402721E+0
9.391627E+0
9.376810E+0
9.372282E+0
9.361580E+0
9.351701E+0
9.348408E+0
9.345135E+0
9.332786E+0
9.326807E+0
9.320025E+0
9.312203E+0
9.309538E+0
9.294523E+0
9.295954E+0
9.284017E+0
9.281958E+0
9.274960E+0
9.272491E+0
9.265512E+0
9.268393E+0
9.260159E+0
9.250279E+0
9.252338E+0
9.247398E+0
9.246163E+0
9.242870E+0
9.239988E+0
9.253573E+0
9.242870E+0
9.246575E+0
9.242870E+0
9.237518E+0
9.242870E+0
9.244516E+0
9.238753E+0
9.242047E+0
9.243281E+0
9.244516E+0
9.254396E+0
9.254396E+0
9.256866E+0
9.257690E+0
9.259336E+0
9.264277E+0
9.267982E+0
9.273117E+0
9.285467E+0
9.282782E+0
9.291230E+0
9.299032E+0
9.302736E+0
9.312615E+0
9.307676E+0
9.317555E+0
9.328258E+0
9.334844E+0
9.338137E+0
9.346781E+0
9.352524E+0
9.361991E+0
9.367754E+0
9.376398E+0
9.385865E+0
9.393273E+0
9.401075E+0
9.415069E+0
9.423301E+0
9.431533E+0
9.436472E+0
9.453327E+0
9.461559E+0
9.468772E+0
9.476983E+0
9.493446E+0
9.503324E+0
9.512986E+0
9.527998E+0
9.538698E+0
9.544048E+0
9.558864E+0
9.572033E+0
9.586828E+0
9.594647E+0
9.610286E+0
9.616869E+0
9.633114E+0
9.641757E+0
9.665820E+0
9.670542E+0
9.682064E+0
9.696054E+0
9.710848E+0
9.712082E+0
9.732244E+0
9.751172E+0
9.759381E+0
9.783657E+0
9.787772E+0
9.808737E+0
9.816143E+0
9.832795E+0
9.850899E+0
9.854190E+0
9.875173E+0
9.892020E+0
9.908066E+0
9.920407E+0
9.935198E+0
9.945894E+0
9.965640E+0
9.980234E+0
9.991753E+0
1.000821E+1
1.002382E+1
1.004233E+1
1.005590E+1
1.007234E+1
1.008673E+1
1.010319E+1
1.011345E+1
1.012990E+1
1.014553E+1
1.016402E+1
1.017677E+1
1.019260E+1
1.020617E+1
1.022139E+1
1.023988E+1
1.025921E+1
1.027319E+1
1.029291E+1
1.031100E+1
1.031882E+1
1.033280E+1
1.035416E+1
1.037163E+1
1.038397E+1
1.040247E+1
1.041767E+1
1.043699E+1
1.045015E+1
1.046905E+1
1.048262E+1
1.050090E+1
1.051200E+1
1.053092E+1
1.055104E+1
1.057078E+1
1.058928E+1
1.060036E+1
1.062009E+1
1.063654E+1
1.064885E+1
1.066735E+1
1.068955E+1
1.070680E+1
1.071852E+1
1.074152E+1
1.075303E+1
1.076454E+1
1.078302E+1
1.080933E+1
1.081796E+1
1.083973E+1
1.085554E+1
1.087322E+1
1.089130E+1
1.091430E+1
1.092087E+1
1.093814E+1
1.095743E+1
1.096894E+1
1.099031E+1
1.100673E+1
1.101372E+1
1.103487E+1
1.105356E+1
1.107062E+1
1.108910E+1
1.110060E+1
1.112074E+1
1.113387E+1
1.114373E+1
1.115811E+1
1.118110E+1
1.119138E+1
1.120308E+1
1.122384E+1
1.123225E+1
1.124868E+1
1.125565E+1
1.127702E+1
1.129016E+1
1.129386E+1
1.131356E+1
1.131972E+1
1.133369E+1
1.134027E+1
1.135545E+1
1.136325E+1
1.137947E+1
1.138276E+1
1.139590E+1
1.140083E+1
1.141110E+1
1.141685E+1
1.142671E+1
1.143121E+1
1.144025E+1
1.145340E+1
1.146120E+1
1.146490E+1
1.146942E+1
1.147640E+1
1.148460E+1
1.148378E+1
1.149158E+1
1.149035E+1
1.149897E+1
1.150308E+1
1.150042E+1
1.151314E+1
1.150842E+1
1.151171E+1
1.151541E+1
1.151951E+1
1.152075E+1
1.152135E+1
1.152609E+1
1.152157E+1
1.152116E+1
1.152875E+1
1.153305E+1
1.152321E+1
1.152382E+1
1.152609E+1
1.152691E+1
1.152116E+1
1.151787E+1
1.152033E+1
1.151130E+1
1.152012E+1
1.151519E+1
1.151478E+1
1.151746E+1
1.150924E+1
1.150637E+1
1.150514E+1
1.150103E+1
1.149733E+1
1.149158E+1
1.148912E+1
1.148337E+1
1.147558E+1
1.147353E+1
1.147024E+1
1.146449E+1
1.145956E+1
1.145381E+1
1.144929E+1
1.144600E+1
1.143820E+1
1.143573E+1
1.142754E+1
1.142302E+1
1.141028E+1
1.141398E+1
1.139960E+1
1.139714E+1
1.138851E+1
1.138481E+1
1.137127E+1
1.136799E+1
1.136511E+1
1.135443E+1
1.134662E+1
1.133944E+1
1.133328E+1
1.132383E+1
1.131110E+1
1.130370E+1
1.129920E+1
1.129550E+1
1.128071E+1
1.127578E+1
1.126839E+1
1.126058E+1
1.124888E+1
1.123923E+1
1.123143E+1
1.121973E+1
1.121992E+1
1.120349E+1
1.119200E+1
1.118891E+1
1.117885E+1
1.116140E+1
1.115770E+1
1.114455E+1
1.113387E+1
1.112812E+1
1.111827E+1
1.110348E+1
1.110019E+1
1.108293E+1
1.107350E+1
1.106282E+1
1.105583E+1
1.104413E+1
1.103816E+1
1.102728E+1
1.101188E+1
1.100037E+1
1.099462E+1
1.098045E+1
1.096771E+1
1.096113E+1
1.095291E+1
1.093855E+1
1.092745E+1
1.090320E+1
1.090567E+1
1.089273E+1
1.088473E+1
1.087609E+1
1.086582E+1
1.085370E+1
1.084323E+1
1.083213E+1
1.082043E+1
1.080769E+1
1.079618E+1
1.078261E+1
1.076907E+1
1.076290E+1
1.074934E+1
1.073988E+1
1.073001E+1
1.071770E+1
1.070351E+1
1.068955E+1
1.068194E+1
1.067023E+1
1.065502E+1
1.064515E+1
1.063818E+1
1.062626E+1
1.061475E+1
1.060118E+1
1.059255E+1
1.057160E+1
1.056708E+1
1.055351E+1
1.054221E+1
1.053174E+1
1.051960E+1
1.051118E+1
1.049802E+1
1.049002E+1
1.047604E+1
1.047069E+1
1.045673E+1
1.044357E+1
1.043782E+1
1.042137E+1
1.041726E+1
1.040330E+1
1.039384E+1
1.038931E+1
1.038479E+1
1.037615E+1
1.036587E+1
1.036546E+1
1.035046E+1
1.034616E+1
1.034163E+1
1.033527E+1
1.032334E+1
1.031594E+1
1.031306E+1
1.031183E+1
1.031245E+1
1.029949E+1
1.029414E+1
1.029908E+1
1.028758E+1
1.028635E+1
1.028512E+1
1.027936E+1
1.027648E+1
1.027771E+1
1.027689E+1
1.027977E+1
1.027154E+1
1.027689E+1
1.027196E+1
1.027853E+1
1.028018E+1
1.027730E+1
1.028921E+1
1.027812E+1
1.028635E+1
1.028388E+1
1.027977E+1
1.028962E+1
1.029784E+1
1.029661E+1
1.029784E+1
1.030155E+1
1.030895E+1
1.030895E+1
1.031224E+1
1.032046E+1
1.032847E+1
1.032457E+1
1.033999E+1
1.033999E+1
1.034369E+1
1.035438E+1
1.035602E+1
1.036670E+1
1.037451E+1
1.038109E+1
1.039137E+1
1.040453E+1
1.040535E+1
1.041561E+1
1.041808E+1
1.043042E+1
1.044357E+1
1.044439E+1
1.045939E+1
1.046413E+1
1.047790E+1
1.048119E+1
1.049720E+1
1.050255E+1
1.050995E+1
1.051982E+1
1.053544E+1
1.054529E+1
1.055803E+1
1.056502E+1
1.057448E+1
1.058681E+1
1.059255E+1
1.061064E+1
1.061886E+1
1.062955E+1
1.064639E+1
1.065338E+1
1.067002E+1
1.067969E+1
1.069468E+1
1.070126E+1
1.071565E+1
1.072837E+1
1.074029E+1
1.075756E+1
1.076413E+1
1.078015E+1
1.079618E+1
1.080563E+1
1.081015E+1
1.082822E+1
1.084529E+1
1.085699E+1
1.086911E+1
1.088760E+1
1.089991E+1
1.091306E+1
1.091800E+1
1.094307E+1
1.095209E+1
1.096771E+1
1.098291E+1
1.100119E+1
1.101290E+1
1.102564E+1
1.104720E+1
1.105460E+1
1.106610E+1
1.108129E+1
1.109403E+1
1.111047E+1
1.113058E+1
1.114085E+1
1.115811E+1
1.117619E+1
1.118686E+1
1.119631E+1
1.121746E+1
1.123020E+1
1.124540E+1
1.125853E+1
1.127578E+1
1.128975E+1
1.130208E+1
1.131397E+1
1.133903E+1
1.134725E+1
1.136531E+1
1.138194E+1
1.139262E+1
1.140741E+1
1.142754E+1
1.144148E+1
1.145709E+1
1.147188E+1
1.148254E+1
1.149897E+1
1.151623E+1
1.152896E+1
1.154948E+1
1.156098E+1
1.158089E+1
1.159486E+1
1.161496E+1
1.162482E+1
1.164618E+1
1.165768E+1
1.167162E+1
1.168969E+1
1.170243E+1
1.172069E+1
1.173956E+1
1.175024E+1
1.176913E+1
1.178268E+1
1.180155E+1
1.181716E+1
1.183276E+1
1.184137E+1
1.185985E+1
1.187504E+1
1.188898E+1
1.190644E+1
1.192613E+1
1.193681E+1
1.195159E+1
1.197087E+1
1.197662E+1
1.198606E+1
1.199633E+1
1.202258E+1
1.203285E+1
1.204946E+1
1.206158E+1
1.207040E+1
1.208683E+1
1.210282E+1
1.211267E+1
1.212539E+1
1.213320E+1
1.214303E+1
1.215904E+1
1.216889E+1
1.217176E+1
1.218613E+1
1.219514E+1
1.220377E+1
1.221895E+1
1.222470E+1
1.223086E+1
1.224214E+1
1.224438E+1
1.225013E+1
1.225527E+1
1.227044E+1
1.227024E+1
1.227988E+1
1.228686E+1
1.228932E+1
1.229260E+1
1.229958E+1
1.229753E+1
1.230410E+1
1.230861E+1
1.231518E+1
1.232091E+1
1.232091E+1
1.231313E+1
1.232255E+1
1.232829E+1
1.232009E+1
1.232994E+1
1.232870E+1
1.232665E+1
1.232337E+1
1.232624E+1
1.232706E+1
1.232747E+1
1.232337E+1
1.231559E+1
1.232050E+1
1.232912E+1
1.232994E+1
1.231926E+1
1.231477E+1
1.231231E+1
1.230492E+1
1.231067E+1
1.230369E+1
1.230533E+1
1.229589E+1
1.229260E+1
1.229055E+1
1.228932E+1
1.228481E+1
1.227865E+1
1.227495E+1
1.226860E+1
1.225670E+1
1.225691E+1
1.225363E+1
1.224192E+1
1.224356E+1
1.223209E+1
1.223619E+1
1.222183E+1
1.221465E+1
1.220705E+1
1.219966E+1
1.219514E+1
1.218777E+1
1.218654E+1
1.217012E+1
1.216479E+1
1.215575E+1
1.214713E+1
1.213689E+1
1.212991E+1
1.212991E+1
1.211431E+1
1.211062E+1
1.209830E+1
1.209255E+1
1.208127E+1
1.207306E+1
1.206342E+1
1.205461E+1
1.204639E+1
1.204229E+1
1.202340E+1
1.201930E+1
1.200741E+1
1.199714E+1
1.199016E+1
1.198072E+1
1.196758E+1
1.196348E+1
1.194625E+1
1.193804E+1
1.192799E+1
1.191258E+1
1.190521E+1
1.189268E+1
1.188898E+1
1.187523E+1
1.186601E+1
1.185246E+1
1.184219E+1
1.182578E+1
1.182537E+1
1.179663E+1
1.179991E+1
1.179047E+1
1.177940E+1
1.176585E+1
1.175476E+1
1.174326E+1
1.172973E+1
1.171473E+1
1.170119E+1
1.169503E+1
1.168107E+1
1.167039E+1
1.166464E+1
1.164905E+1
1.164330E+1
1.162770E+1
1.160880E+1
1.160061E+1
1.159075E+1
1.157678E+1
1.156693E+1
1.155503E+1
1.154455E+1
1.153264E+1
1.151787E+1
1.150514E+1
1.149733E+1
1.148337E+1
1.147188E+1
1.145792E+1
1.144436E+1
1.143327E+1
1.142712E+1
1.140782E+1
1.140289E+1
1.138687E+1
1.138133E+1
1.136038E+1
1.135177E+1
1.133369E+1
1.132383E+1
1.130822E+1
1.128975E+1
1.128441E+1
1.126798E+1
1.126387E+1
1.124458E+1
1.123472E+1
1.122937E+1
1.121746E+1
1.120288E+1
1.118727E+1
1.118398E+1
1.116346E+1
1.115482E+1
1.114127E+1
1.113058E+1
1.113017E+1
1.111581E+1
1.110102E+1
1.109156E+1
1.108006E+1
1.106898E+1
1.106487E+1
1.105460E+1
1.104515E+1
1.103323E+1
1.103016E+1
1.102358E+1
1.101454E+1
1.100550E+1
1.099648E+1
1.099278E+1
1.098004E+1
1.098045E+1
1.097305E+1
1.096524E+1
1.096237E+1
1.095620E+1
1.095086E+1
1.095045E+1
1.094060E+1
1.093937E+1
1.093731E+1
1.093567E+1
1.093773E+1
1.093033E+1
1.092868E+1
1.092663E+1
1.092540E+1
1.092375E+1
1.092334E+1
1.091964E+1
1.092416E+1
1.092745E+1
1.091471E+1
1.092950E+1
1.092334E+1
1.093444E+1
1.093403E+1
1.093238E+1
1.093896E+1
1.094101E+1
1.094060E+1
1.095250E+1
1.094471E+1
1.095004E+1
1.095784E+1
1.095702E+1
1.096648E+1
1.096771E+1
1.096894E+1
1.097017E+1
1.098456E+1
1.099154E+1
1.100180E+1
1.100426E+1
1.100859E+1
1.101536E+1
1.101701E+1
1.102912E+1
1.103673E+1
1.104413E+1
1.104597E+1
1.106117E+1
1.106693E+1
1.107104E+1
1.108170E+1
1.109238E+1
1.109814E+1
1.109978E+1
1.111663E+1
1.112444E+1
1.113757E+1
1.114620E+1
1.115442E+1
1.116510E+1
1.117639E+1
1.118110E+1
1.119302E+1
1.120740E+1
1.121623E+1
1.122609E+1
1.123327E+1
1.124334E+1
1.125688E+1
1.126674E+1
1.127825E+1
1.128523E+1
1.130208E+1
1.131274E+1
1.132465E+1
1.134005E+1
1.135136E+1
1.136366E+1
1.137415E+1
1.138481E+1
1.139858E+1
1.141316E+1
1.141850E+1
1.143573E+1
1.144641E+1
1.145833E+1
1.146901E+1
1.148254E+1
1.149733E+1
1.150678E+1
1.152362E+1
1.153573E+1
1.155071E+1
1.156323E+1
1.157761E+1
1.159034E+1
1.160307E+1
1.162646E+1
1.162770E+1
1.164536E+1
1.165398E+1
1.167409E+1
1.169462E+1
1.169996E+1
1.171390E+1
1.172849E+1
1.174737E+1
1.176174E+1
1.177036E+1
1.178474E+1
1.180402E+1
1.181880E+1
1.183030E+1
1.184712E+1
1.185903E+1
1.187545E+1
1.189186E+1
1.190808E+1
1.192244E+1
1.193804E+1
1.194831E+1
1.195816E+1
1.197621E+1
1.199222E+1
1.200700E+1
1.202176E+1
1.203736E+1
1.205132E+1
1.205789E+1
1.207943E+1
1.209912E+1
1.210897E+1
1.212764E+1
1.214139E+1
1.215452E+1
1.216848E+1
1.218408E+1
1.219925E+1
1.221321E+1
1.223168E+1
1.224644E+1
1.226102E+1
1.227249E+1
1.228768E+1
1.230738E+1
1.231723E+1
1.233076E+1
1.234717E+1
1.236236E+1
1.237917E+1
1.239230E+1
1.241118E+1
1.242451E+1
1.244175E+1
1.245322E+1
1.246758E+1
1.248236E+1
1.249508E+1
1.250737E+1
1.252009E+1
1.253733E+1
1.255332E+1
1.256111E+1
1.257383E+1
1.258820E+1
1.259783E+1
1.261260E+1
1.262489E+1
1.263802E+1
1.264705E+1
1.265526E+1
1.267003E+1
1.267986E+1
1.269299E+1
1.269791E+1
1.270406E+1
1.272171E+1
1.272294E+1
1.272866E+1
1.274488E+1
1.275060E+1
1.275922E+1
1.276948E+1
1.276825E+1
1.277768E+1
1.278917E+1
1.278712E+1
1.279450E+1
1.280146E+1
1.280597E+1
1.280925E+1
1.281500E+1
1.282443E+1
1.282689E+1
1.282689E+1
1.282525E+1
1.282730E+1
1.282895E+1
1.283387E+1
1.283592E+1
1.283797E+1
1.283592E+1
1.283756E+1
1.284002E+1
1.284084E+1
1.284125E+1
1.283592E+1
1.283428E+1
1.283510E+1
1.283633E+1
1.282936E+1
1.283141E+1
1.283428E+1
1.282936E+1
1.283018E+1
1.283059E+1
1.282525E+1
1.281705E+1
1.281787E+1
1.281746E+1
1.280802E+1
1.280310E+1
1.280474E+1
1.279820E+1
1.279614E+1
1.278958E+1
1.278917E+1
1.277768E+1
1.276907E+1
1.277112E+1
1.276354E+1
1.275861E+1
1.275041E+1
1.274857E+1
1.274037E+1
1.273810E+1
1.273030E+1
1.270283E+1
1.271104E+1
1.270981E+1
1.269955E+1
1.268929E+1
1.268560E+1
1.267945E+1
1.266510E+1
1.265238E+1
1.265156E+1
1.264172E+1
1.263392E+1
1.262489E+1
1.261567E+1
1.260623E+1
1.260070E+1
1.259496E+1
1.258059E+1
1.256912E+1
1.256398E+1
1.255496E+1
1.254349E+1
1.253610E+1
1.252297E+1
1.251968E+1
1.250409E+1
1.249426E+1
1.248359E+1
1.247333E+1
1.246184E+1
1.245445E+1
1.244564E+1
1.243600E+1
1.242348E+1
1.241816E+1
1.239723E+1
1.239354E+1
1.237876E+1
1.236400E+1
1.236031E+1
1.234636E+1
1.233733E+1
1.232583E+1
1.231926E+1
1.230040E+1
1.229444E+1
1.228399E+1
1.227003E+1
1.225650E+1
1.225158E+1
1.223742E+1
1.221485E+1
1.220767E+1
1.219905E+1
1.219227E+1
1.217423E+1
1.216068E+1
1.215083E+1
1.213812E+1
1.212868E+1
1.211513E+1
1.210487E+1
1.209400E+1
1.208332E+1
1.206282E+1
1.205707E+1
1.204372E+1
1.202751E+1
1.201765E+1
1.200495E+1
1.199058E+1
1.197908E+1
1.196512E+1
1.194954E+1
1.194050E+1
1.194009E+1
1.191074E+1
1.189925E+1
1.189125E+1
1.188202E+1
1.185820E+1
1.185122E+1
1.184014E+1
1.181880E+1
1.180607E+1
1.179457E+1
1.178841E+1
1.177406E+1
1.176051E+1
1.174613E+1
1.173362E+1
1.172007E+1
1.170653E+1
1.169914E+1
1.168312E+1
1.166793E+1
1.165604E+1
1.164248E+1
1.162646E+1
1.161948E+1
1.161003E+1
1.159650E+1
1.158336E+1
1.157144E+1
1.156221E+1
1.154682E+1
1.154291E+1
1.152875E+1
1.152094E+1
1.150678E+1
1.149692E+1
1.148460E+1
1.147804E+1
1.146901E+1
1.146326E+1
1.145668E+1
1.145175E+1
1.143984E+1
1.143204E+1
1.142261E+1
1.142055E+1
1.141768E+1
1.140351E+1
1.140248E+1
1.139056E+1
1.138810E+1
1.139489E+1
1.137887E+1
1.138010E+1
1.137106E+1
1.137393E+1
1.136531E+1
1.136860E+1
1.135813E+1
1.135627E+1
1.135300E+1
1.135300E+1
1.135545E+1
1.135545E+1
1.135463E+1
1.135300E+1
1.135320E+1
1.135874E+1
1.135586E+1
1.135197E+1
1.135731E+1
1.135668E+1
1.136079E+1
1.137147E+1
1.136366E+1
1.136572E+1
1.136736E+1
1.137333E+1
1.137352E+1
1.138133E+1
1.138481E+1
1.138708E+1
1.138522E+1
1.140042E+1
1.140392E+1
1.140741E+1
1.141316E+1
1.142220E+1
1.142466E+1
1.143039E+1
1.143368E+1
1.144395E+1
1.145545E+1
1.145915E+1
1.146531E+1
1.147229E+1
1.148010E+1
1.148419E+1
1.149651E+1
1.150390E+1
1.151541E+1
1.152075E+1
1.152609E+1
1.153346E+1
1.154477E+1
1.155093E+1
1.156487E+1
1.157125E+1
1.158664E+1
1.158993E+1
1.159896E+1
1.161414E+1
1.161989E+1
1.162728E+1
1.163878E+1
1.165234E+1
1.166382E+1
1.167039E+1
1.168107E+1
1.169934E+1
1.170489E+1
1.171678E+1
1.173342E+1
1.174142E+1
1.174676E+1
1.175867E+1
1.177447E+1
1.178309E+1
1.179498E+1
1.181264E+1
1.182086E+1
1.183276E+1
1.184178E+1
1.185944E+1
1.186683E+1
1.188775E+1
1.189186E+1
1.190335E+1
1.191772E+1
1.193311E+1
1.194338E+1
1.195939E+1
1.196103E+1
1.198154E+1
1.199263E+1
1.200372E+1
1.201601E+1
1.203449E+1
1.204434E+1
1.206282E+1
1.207019E+1
1.208989E+1
1.209789E+1
1.211103E+1
1.213484E+1
1.213812E+1
1.215165E+1
1.216273E+1
1.217833E+1
1.219720E+1
1.220459E+1
1.221895E+1
1.223598E+1
1.224890E+1
1.226102E+1
1.228234E+1
1.229178E+1
1.230779E+1
1.231764E+1
1.233527E+1
1.234882E+1
1.236195E+1
1.237219E+1
1.238656E+1
1.240051E+1
1.241548E+1
1.242698E+1
1.243888E+1
1.246266E+1
1.247826E+1
1.249467E+1
1.249917E+1
1.251476E+1
1.253076E+1
1.254716E+1
1.255537E+1
1.257547E+1
1.259291E+1
1.260377E+1
1.262040E+1
1.263392E+1
1.265403E+1
1.266059E+1
1.267411E+1
1.269504E+1
1.270776E+1
1.271432E+1
1.273974E+1
1.275000E+1
1.276373E+1
1.277809E+1
1.279491E+1
1.280474E+1
1.282279E+1
1.282730E+1
1.284330E+1
1.285805E+1
1.287282E+1
1.288800E+1
1.290379E+1
1.291732E+1
1.292449E+1
1.293229E+1
1.294684E+1
1.296120E+1
1.296981E+1
1.298333E+1
1.299194E+1
1.299973E+1
1.301081E+1
1.302394E+1
1.303171E+1
1.304648E+1
1.305058E+1
1.305837E+1
1.306124E+1
1.307724E+1
1.308173E+1
1.308564E+1
1.309261E+1
1.310245E+1
1.310757E+1
1.311577E+1
1.312152E+1
1.312253E+1
1.312540E+1
1.313626E+1
1.314017E+1
1.313894E+1
1.314714E+1
1.314591E+1
1.315573E+1
1.315370E+1
1.315737E+1
1.316147E+1
1.315860E+1
1.316230E+1
1.315532E+1
1.316024E+1
1.316353E+1
1.316270E+1
1.317378E+1
1.316270E+1
1.316558E+1
1.316394E+1
1.316147E+1
1.315655E+1
1.315942E+1
1.315450E+1
1.315124E+1
1.315532E+1
1.315614E+1
1.314673E+1
1.314468E+1
1.314140E+1
1.313853E+1
1.312767E+1
1.312480E+1
1.312212E+1
1.312253E+1
1.312152E+1
1.311228E+1
1.310265E+1
1.310306E+1
1.309876E+1
1.308871E+1
1.308542E+1
1.307683E+1
1.307150E+1
1.306329E+1
1.306124E+1
1.305550E+1
1.304566E+1
1.304525E+1
1.303130E+1
1.302271E+1
1.301491E+1
1.300876E+1
1.300261E+1
1.299071E+1
1.298497E+1
1.298046E+1
1.297799E+1
1.295955E+1
1.295176E+1
1.294008E+1
1.293106E+1
1.291916E+1
1.291260E+1
1.290808E+1
1.289169E+1
1.288677E+1
1.287734E+1
1.286380E+1
1.285928E+1
1.285231E+1
1.283387E+1
1.282895E+1
1.281951E+1
1.280720E+1
1.279614E+1
1.277932E+1
1.277358E+1
1.276332E+1
1.275738E+1
1.273933E+1
1.273071E+1
1.272007E+1
1.270406E+1
1.269586E+1
1.268806E+1
1.267208E+1
1.266346E+1
1.265238E+1
1.264459E+1
1.263679E+1
1.262223E+1
1.260418E+1
1.259640E+1
1.258552E+1
1.256604E+1
1.256625E+1
1.254513E+1
1.253733E+1
1.252256E+1
1.251230E+1
1.249917E+1
1.248687E+1
1.247415E+1
1.246471E+1
1.245117E+1
1.243415E+1
1.242738E+1
1.240995E+1
1.239682E+1
1.238984E+1
1.238245E+1
1.236072E+1
1.234676E+1
1.233199E+1
1.232870E+1
1.230902E+1
1.229548E+1
1.228357E+1
1.226778E+1
1.225424E+1
1.225177E+1
1.223168E+1
1.221649E+1
1.220664E+1
1.219104E+1
1.218039E+1
1.216889E+1
1.214549E+1
1.213976E+1
1.212950E+1
1.211513E+1
1.209789E+1
1.208026E+1
1.207224E+1
1.205830E+1
1.204968E+1
1.203244E+1
1.202135E+1
1.200864E+1
1.199509E+1
1.198031E+1
1.196512E+1
1.195036E+1
1.192942E+1
1.192942E+1
1.191403E+1
1.189864E+1
1.188857E+1
1.187586E+1
1.186436E+1
1.185246E+1
1.184219E+1
1.182619E+1
1.181839E+1
1.180648E+1
1.179827E+1
1.178351E+1
1.177160E+1
1.175928E+1
1.175147E+1
1.174326E+1
1.173444E+1
1.172316E+1
1.171617E+1
1.170900E+1
1.170119E+1
1.169134E+1
1.168435E+1
1.167368E+1
1.166834E+1
1.166177E+1
1.165028E+1
1.164782E+1
1.164043E+1
1.163837E+1
1.163098E+1
1.161907E+1
1.162318E+1
1.162298E+1
1.162236E+1
1.161414E+1
1.161168E+1
1.160880E+1
1.160348E+1
1.160921E+1
1.160472E+1
1.159732E+1
1.159609E+1
1.160389E+1
1.160102E+1
1.159979E+1
1.159404E+1
1.160102E+1
1.159691E+1
1.160184E+1
1.159937E+1
1.160143E+1
1.160636E+1
1.161168E+1
1.161373E+1
1.161455E+1
1.161414E+1
1.161948E+1
1.162605E+1
1.162728E+1
1.163016E+1
1.163550E+1
1.164289E+1
1.164454E+1
1.164905E+1
1.165604E+1
1.166053E+1
1.166546E+1
1.167203E+1
1.167943E+1
1.168476E+1
1.168969E+1
1.169646E+1
1.170530E+1
1.171390E+1
1.172212E+1
1.172540E+1
1.173074E+1
1.174121E+1
1.174901E+1
1.175887E+1
1.176810E+1
1.178063E+1
1.178309E+1
1.179211E+1
1.179622E+1
1.180853E+1
1.181182E+1
1.182701E+1
1.183931E+1
1.184835E+1
1.185574E+1
1.186888E+1
1.187340E+1
1.188550E+1
1.190048E+1
1.190357E+1
1.192079E+1
1.192983E+1
1.194563E+1
1.194215E+1
1.196062E+1
1.197415E+1
1.198688E+1
1.199386E+1
1.200618E+1
1.201807E+1
1.202628E+1
1.204106E+1
1.205255E+1
1.206405E+1
1.207265E+1
1.208784E+1
1.209789E+1
1.211349E+1
1.212006E+1
1.213196E+1
1.214837E+1
1.216438E+1
1.217587E+1
1.218654E+1
1.219884E+1
1.220951E+1
1.223045E+1
1.224090E+1
1.225445E+1
1.226389E+1
1.227783E+1
1.229178E+1
1.230594E+1
1.231313E+1
1.232665E+1
1.233691E+1
1.235538E+1
1.237835E+1
1.238533E+1
1.239887E+1
1.241406E+1
1.242758E+1
1.243682E+1
1.245281E+1
1.246841E+1
1.248195E+1
1.249876E+1
1.250942E+1
1.252050E+1
1.253774E+1
1.255044E+1
1.256152E+1
1.257424E+1
1.259599E+1
1.260500E+1
1.261608E+1
1.263208E+1
1.265074E+1
1.265608E+1
1.267780E+1
1.268355E+1
1.270160E+1
1.272374E+1
1.273236E+1
1.273892E+1
1.275902E+1
1.277501E+1
1.278526E+1
1.280392E+1
1.281623E+1
1.283387E+1
1.284741E+1
1.286872E+1
1.287405E+1
1.289005E+1
1.290111E+1
1.292039E+1
1.292490E+1
1.294788E+1
1.296038E+1
1.297288E+1
1.298907E+1
1.300548E+1
1.301943E+1
1.303253E+1
1.304525E+1
1.305755E+1
1.306904E+1
1.308378E+1
1.309445E+1
1.310921E+1
1.312726E+1
1.313032E+1
1.314468E+1
1.315409E+1
1.316968E+1
1.318239E+1
1.318854E+1
1.320126E+1
1.321149E+1
1.322092E+1
1.323281E+1
1.323979E+1
1.325455E+1
1.326560E+1
1.327074E+1
1.327730E+1
1.328488E+1
1.329574E+1
1.330188E+1
1.330722E+1
1.331274E+1
1.332116E+1
1.332690E+1
1.333018E+1
1.333508E+1
1.334205E+1
1.334082E+1
1.335148E+1
1.335394E+1
1.336091E+1
1.336378E+1
1.336419E+1
1.336912E+1
1.336789E+1
1.337568E+1
1.338837E+1
1.337404E+1
1.338304E+1
1.337978E+1
1.337978E+1
1.337978E+1
1.338222E+1
1.338019E+1
1.337978E+1
1.337978E+1
1.338060E+1
1.337978E+1
1.337773E+1
1.337240E+1
1.336994E+1
1.337035E+1
1.336378E+1
1.336584E+1
1.336461E+1
1.335476E+1
1.335394E+1
1.334410E+1
1.334533E+1
1.334328E+1
1.333959E+1
1.333018E+1
1.331870E+1
1.332403E+1
1.332403E+1
1.331706E+1
1.331091E+1
1.330927E+1
1.329450E+1
1.328999E+1
1.328999E+1
1.327443E+1
1.327320E+1
1.326705E+1
1.325638E+1
1.325332E+1
1.324717E+1
1.323856E+1
1.323528E+1
1.322256E+1
1.320739E+1
1.320454E+1
1.319223E+1
1.318526E+1
1.318157E+1
1.316845E+1
1.315901E+1
1.315124E+1
1.314364E+1
1.313954E+1
1.312991E+1
1.311310E+1
1.310839E+1
1.309814E+1
1.309116E+1
1.308173E+1
1.307150E+1
1.306165E+1
1.304894E+1
1.303745E+1
1.302681E+1
1.301655E+1
1.300630E+1
1.299686E+1
1.299194E+1
1.297514E+1
1.296694E+1
1.295196E+1
1.294377E+1
1.293475E+1
1.291978E+1
1.290994E+1
1.289703E+1
1.288554E+1
1.287980E+1
1.286421E+1
1.285190E+1
1.284372E+1
1.283141E+1
1.281418E+1
1.280638E+1
1.279265E+1
1.278466E+1
1.276989E+1
1.275656E+1
1.273974E+1
1.273810E+1
1.272415E+1
1.271063E+1
1.270078E+1
1.268642E+1
1.267329E+1
1.266182E+1
1.264787E+1
1.263802E+1
1.262284E+1
1.261096E+1
1.259455E+1
1.258757E+1
1.256912E+1
1.256357E+1
1.254554E+1
1.253569E+1
1.252338E+1
1.250081E+1
1.249262E+1
1.248236E+1
1.246389E+1
1.245363E+1
1.244216E+1
1.244380E+1
1.241671E+1
1.240831E+1
1.238820E+1
1.237465E+1
1.237014E+1
1.234882E+1
1.233527E+1
1.231926E+1
1.230902E+1
1.229917E+1
1.228891E+1
1.227476E+1
1.225199E+1
1.223989E+1
1.223619E+1
1.220869E+1
1.219514E+1
1.219350E+1
1.217505E+1
1.216684E+1
1.214960E+1
1.213771E+1
1.212600E+1
1.211738E+1
1.210508E+1
1.208743E+1
1.207388E+1
1.205543E+1
1.204845E+1
1.203449E+1
1.203244E+1
1.201478E+1
1.199756E+1
1.199016E+1
1.198196E+1
1.196307E+1
1.195570E+1
1.195077E+1
1.193906E+1
1.193210E+1
1.192203E+1
1.191096E+1
1.190376E+1
1.189760E+1
1.188816E+1
1.187956E+1
1.187134E+1
1.186929E+1
1.185861E+1
1.185492E+1
1.184712E+1
1.184465E+1
1.183071E+1
1.182825E+1
1.182784E+1
1.182168E+1
1.181962E+1
1.181264E+1
1.181346E+1
1.180361E+1
1.180566E+1
1.179766E+1
1.180279E+1
1.179827E+1
1.180238E+1
1.180114E+1
1.179909E+1
1.179950E+1
1.179580E+1
1.179375E+1
1.178841E+1
1.179663E+1
1.179663E+1
1.180114E+1
1.180114E+1
1.180320E+1
1.180648E+1
1.180648E+1
1.180936E+1
1.181182E+1
1.181675E+1
1.182209E+1
1.182701E+1
1.182127E+1
1.182784E+1
1.183564E+1
1.183685E+1
1.185081E+1
1.185287E+1
1.186026E+1
1.186354E+1
1.186683E+1
1.187258E+1
1.187915E+1
1.189063E+1
1.189678E+1
1.190623E+1
1.190562E+1
1.190664E+1
1.192120E+1
1.193681E+1
1.193845E+1
1.194461E+1
1.195446E+1
1.196227E+1
1.196840E+1
1.197867E+1
1.198852E+1
1.199550E+1
1.200289E+1
1.201519E+1
1.202053E+1
1.203531E+1
1.204106E+1
1.205255E+1
1.205707E+1
1.206876E+1
1.207881E+1
1.208436E+1
1.210528E+1
1.211329E+1
1.211574E+1
1.212868E+1
1.214139E+1
1.215206E+1
1.216479E+1
1.217012E+1
1.217998E+1
1.219761E+1
1.220910E+1
1.221813E+1
1.223332E+1
1.223742E+1
1.225465E+1
1.226635E+1
1.227845E+1
1.228727E+1
1.230533E+1
1.231436E+1
1.232788E+1
1.233445E+1
1.235292E+1
1.236277E+1
1.237753E+1
1.238327E+1
1.240071E+1
1.241179E+1
1.242164E+1
1.244789E+1
1.244851E+1
1.246348E+1
1.247538E+1
1.248893E+1
1.250409E+1
1.251476E+1
1.252543E+1
1.254757E+1
1.255291E+1
1.256912E+1
1.258450E+1
1.259435E+1
1.260768E+1
1.261936E+1
1.263167E+1
1.264910E+1
1.266264E+1
1.267698E+1
1.268765E+1
1.269750E+1
1.270817E+1
1.272620E+1
1.274015E+1
1.276805E+1
1.276373E+1
1.278179E+1
1.279491E+1
1.280925E+1
1.282402E+1
1.283305E+1
1.285108E+1
1.286790E+1
1.287693E+1
1.289251E+1
1.290480E+1
1.292039E+1
1.293330E+1
1.294500E+1
1.296426E+1
1.297637E+1
1.298866E+1
1.299522E+1
1.301696E+1
1.302435E+1
1.304279E+1
1.305673E+1
1.306288E+1
1.308994E+1
1.310388E+1
1.311865E+1
1.312868E+1
1.314181E+1
1.315329E+1
1.317091E+1
1.318362E+1
1.319880E+1
1.321190E+1
1.322215E+1
1.323569E+1
1.324471E+1
1.325475E+1
1.327011E+1
1.327935E+1
1.329778E+1
1.331173E+1
