2.007104E-1
1.955478E-1
1.906027E-1
1.947368E-1
1.984357E-1
1.838180E-1
1.842136E-1
1.924620E-1
1.953500E-1
1.980203E-1
1.910181E-1
1.949346E-1
1.937082E-1
1.943214E-1
1.980203E-1
1.957653E-1
1.961807E-1
2.027676E-1
1.951522E-1
2.011258E-1
1.957653E-1
1.947368E-1
1.932928E-1
1.910181E-1
1.934906E-1
1.937082E-1
1.961807E-1
1.893763E-1
1.955478E-1
1.934906E-1
1.873191E-1
1.955478E-1
1.934906E-1
1.920467E-1
1.937082E-1
1.932928E-1
1.871015E-1
1.955478E-1
1.947368E-1
1.932928E-1
1.932928E-1
1.963785E-1
1.922642E-1
1.947368E-1
1.928774E-1
1.951522E-1
1.930752E-1
1.947368E-1
1.920467E-1
1.891587E-1
1.949346E-1
1.897917E-1
1.932928E-1
1.930752E-1
1.904049E-1
1.976247E-1
1.945192E-1
2.004928E-1
1.858751E-1
1.910181E-1
1.934906E-1
1.953500E-1
1.988511E-1
1.992664E-1
1.961807E-1
1.969917E-1
1.937082E-1
1.928774E-1
1.972093E-1
1.937082E-1
1.945192E-1
1.969917E-1
1.965763E-1
1.934906E-1
1.902071E-1
1.922642E-1
1.918488E-1
1.994643E-1
1.998796E-1
1.914335E-1
1.926796E-1
1.992664E-1
1.934906E-1
1.945192E-1
1.937082E-1
1.949346E-1
1.972093E-1
1.932928E-1
1.957653E-1
1.895741E-1
1.963785E-1
1.967939E-1
1.988511E-1
1.947368E-1
1.930752E-1
1.972093E-1
1.959632E-1
1.939060E-1
1.920467E-1
1.899895E-1
1.996818E-1
1.906027E-1
1.974071E-1
1.994643E-1
1.978225E-1
1.963785E-1
1.969917E-1
2.050225E-1
1.982379E-1
1.976247E-1
1.937082E-1
1.980203E-1
1.947368E-1
1.972093E-1
1.965763E-1
1.947368E-1
1.891587E-1
1.939060E-1
1.965763E-1
1.953500E-1
1.980203E-1
1.980203E-1
1.930752E-1
1.990489E-1
1.978225E-1
1.959632E-1
1.996818E-1
1.976247E-1
2.007104E-1
1.941038E-1
1.967939E-1
1.902071E-1
2.009082E-1
1.978225E-1
1.969917E-1
1.984357E-1
1.974071E-1
1.953500E-1
2.002950E-1
1.965763E-1
1.976247E-1
1.990489E-1
2.056554E-1
1.990489E-1
1.967939E-1
1.986533E-1
2.035983E-1
1.930752E-1
1.939060E-1
1.986533E-1
2.007104E-1
1.963785E-1
1.978225E-1
1.951522E-1
1.947368E-1
1.961807E-1
1.953500E-1
1.961807E-1
1.951522E-1
1.974071E-1
1.934906E-1
1.937082E-1
1.996818E-1
1.961807E-1
1.920467E-1
1.969917E-1
1.965763E-1
1.967939E-1
1.949346E-1
1.937082E-1
1.953500E-1
1.972093E-1
1.963785E-1
1.957653E-1
1.992664E-1
1.932928E-1
1.918488E-1
1.965763E-1
1.932928E-1
1.957653E-1
1.912356E-1
1.937082E-1
1.959632E-1
1.937082E-1
1.926796E-1
1.930752E-1
1.982379E-1
1.953500E-1
1.941038E-1
2.050225E-1
2.072972E-1
2.070994E-1
2.116290E-1
2.209058E-1
2.244068E-1
2.449973E-1
2.546891E-1
2.691079E-1
2.909435E-1
3.016633E-1
3.226675E-1
3.455501E-1
3.696385E-1
3.949920E-1
4.184661E-1
4.419595E-1
4.815094E-1
5.064249E-1
5.397831E-1
5.754339E-1
5.974603E-1
6.456637E-1
6.812907E-1
7.198030E-1
7.632360E-1
8.007172E-1
8.540500E-1
8.876139E-1
9.353880E-1
9.730600E-1
1.025554E+0
1.077234E+0
1.125394E+0
1.169046E+0
1.223367E+0
1.267430E+0
1.320738E+0
1.374852E+0
1.431848E+0
1.481038E+0
1.530423E+0
1.585988E+0
1.643386E+0
1.695429E+0
1.753849E+0
1.808789E+0
1.863291E+0
1.915738E+0
1.974164E+0
2.032349E+0
2.087688E+0
2.141978E+0
2.200569E+0
2.259787E+0
2.315725E+0
2.379457E+0
2.432290E+0
2.491277E+0
2.554188E+0
2.603302E+0
2.664154E+0
2.721076E+0
2.788076E+0
2.838205E+0
2.902948E+0
2.956976E+0
3.007944E+0
3.075733E+0
3.128530E+0
3.194062E+0
3.251368E+0
3.308670E+0
3.369676E+0
3.426972E+0
3.486531E+0
3.548354E+0
3.607689E+0
3.667435E+0
3.719392E+0
3.777279E+0
3.838256E+0
3.894914E+0
3.955667E+0
4.014584E+0
4.073064E+0
4.130537E+0
4.186350E+0
4.240743E+0
4.305375E+0
4.357693E+0
4.419245E+0
4.474236E+0
4.535367E+0
4.589110E+0
4.641630E+0
4.699877E+0
4.758120E+0
4.816773E+0
4.876467E+0
4.936965E+0
4.990273E+0
5.043578E+0
5.100581E+0
5.158408E+0
5.213752E+0
5.261319E+0
5.318290E+0
5.383266E+0
5.435331E+0
5.488417E+0
5.543132E+0
5.603176E+0
5.648876E+0
5.705647E+0
5.770383E+0
5.817924E+0
5.876929E+0
5.923836E+0
5.981005E+0
6.029343E+0
6.085680E+0
6.136254E+0
6.194848E+0
6.247264E+0
6.304396E+0
6.355195E+0
6.410277E+0
6.471291E+0
6.512450E+0
6.565676E+0
6.619310E+0
6.670487E+0
6.719420E+0
6.772026E+0
6.824629E+0
6.879881E+0
6.931457E+0
6.978531E+0
7.036035E+0
7.083319E+0
7.130779E+0
7.187665E+0
7.237595E+0
7.287502E+0
7.338645E+0
7.387959E+0
7.437250E+0
7.485538E+0
7.539322E+0
7.579613E+0
7.641186E+0
7.685145E+0
7.734638E+0
7.784934E+0
7.834422E+0
7.878176E+0
7.926031E+0
7.977554E+0
8.019457E+0
8.077118E+0
8.126592E+0
8.168489E+0
8.221021E+0
8.263542E+0
8.310751E+0
8.368376E+0
8.422329E+0
8.455857E+0
8.506333E+0
8.555572E+0
8.603374E+0
8.646488E+0
8.695327E+0
8.740476E+0
8.786643E+0
8.826690E+0
8.873676E+0
8.920034E+0
8.965390E+0
9.000723E+0
9.051565E+0
9.088955E+0
9.129381E+0
9.165121E+0
9.202291E+0
9.239851E+0
9.269059E+0
9.294993E+0
9.337667E+0
9.359306E+0
9.385650E+0
9.407289E+0
9.428319E+0
9.446291E+0
9.462422E+0
9.470574E+0
9.496719E+0
9.506910E+0
9.520393E+0
9.529977E+0
9.531212E+0
9.542441E+0
9.550593E+0
9.555904E+0
9.557335E+0
9.561823E+0
9.561019E+0
9.557747E+0
9.557335E+0
9.560392E+0
9.552436E+0
9.547537E+0
9.542852E+0
9.538561E+0
9.534073E+0
9.524686E+0
9.516102E+0
9.506910E+0
9.494466E+0
9.482412E+0
9.473240E+0
9.467929E+0
9.448525E+0
9.440372E+0
9.429534E+0
9.411580E+0
9.393823E+0
9.387080E+0
9.367891E+0
9.359306E+0
9.341743E+0
9.323378E+0
9.312342E+0
9.292739E+0
9.273353E+0
9.257631E+0
9.246810E+0
9.220659E+0
9.209426E+0
9.184921E+0
9.170630E+0
9.155123E+0
9.136537E+0
9.116716E+0
9.099776E+0
9.081190E+0
9.063427E+0
9.042781E+0
9.027468E+0
9.004194E+0
8.988860E+0
8.970292E+0
8.948233E+0
8.929839E+0
8.911249E+0
8.892659E+0
8.868362E+0
8.848752E+0
8.826690E+0
8.813197E+0
8.788683E+0
8.767855E+0
8.752127E+0
8.729650E+0
8.710037E+0
8.686344E+0
8.673674E+0
8.639956E+0
8.628109E+0
8.612162E+0
8.592546E+0
8.573147E+0
8.551686E+0
8.535758E+0
8.512041E+0
8.490188E+0
8.469335E+0
8.448696E+0
8.433374E+0
8.412931E+0
8.390036E+0
8.370829E+0
8.354073E+0
8.330979E+0
8.311163E+0
8.294190E+0
8.272333E+0
8.256989E+0
8.233893E+0
8.215703E+0
8.192803E+0
8.174004E+0
8.161739E+0
8.138446E+0
8.122080E+0
8.101650E+0
8.081396E+0
8.060358E+0
8.042558E+0
8.024972E+0
8.003520E+0
7.981637E+0
7.964678E+0
7.945443E+0
7.925620E+0
7.909269E+0
7.895155E+0
7.871444E+0
7.856093E+0
7.832989E+0
7.815008E+0
7.798028E+0
7.779222E+0
7.761436E+0
7.745887E+0
7.723389E+0
7.706211E+0
7.690661E+0
7.669399E+0
7.652024E+0
7.636671E+0
7.619098E+0
7.598031E+0
7.584325E+0
7.567341E+0
7.555482E+0
7.530112E+0
7.516210E+0
7.496770E+0
7.479804E+0
7.461797E+0
7.441963E+0
7.425585E+0
7.404729E+0
7.393890E+0
7.375272E+0
7.357066E+0
7.344183E+0
7.322894E+0
7.307771E+0
7.295496E+0
7.279529E+0
7.254977E+0
7.240659E+0
7.228796E+0
7.212415E+0
7.189512E+0
7.176410E+0
7.157376E+0
7.142860E+0
7.128736E+0
7.114004E+0
7.095794E+0
7.079627E+0
7.059981E+0
7.049963E+0
7.028255E+0
7.017626E+0
7.007391E+0
6.994503E+0
6.976900E+0
6.972401E+0
6.956429E+0
6.938628E+0
6.943953E+0
6.942931E+0
6.939650E+0
6.934129E+0
6.941281E+0
6.946821E+0
6.948648E+0
6.955406E+0
6.962578E+0
6.967274E+0
6.990613E+0
7.000849E+0
7.010672E+0
7.023560E+0
7.046269E+0
7.073281E+0
7.088624E+0
7.109918E+0
7.127911E+0
7.155942E+0
7.181320E+0
7.208132E+0
7.236770E+0
7.271554E+0
7.297126E+0
7.335797E+0
7.362998E+0
7.394714E+0
7.426823E+0
7.464860E+0
7.511301E+0
7.535434E+0
7.570620E+0
7.609477E+0
7.641991E+0
7.686381E+0
7.725647E+0
7.766736E+0
7.808039E+0
7.847928E+0
7.887383E+0
7.934824E+0
7.972235E+0
8.017005E+0
8.056256E+0
8.103690E+0
8.150907E+0
8.189134E+0
8.236758E+0
8.277846E+0
8.321994E+0
8.373084E+0
8.412931E+0
8.458917E+0
8.503057E+0
8.546782E+0
8.592763E+0
8.638936E+0
8.683480E+0
8.728415E+0
8.777446E+0
8.819748E+0
8.869166E+0
8.916976E+0
8.958036E+0
9.000723E+0
9.051781E+0
9.097522E+0
9.138360E+0
9.192490E+0
9.240479E+0
9.283566E+0
9.327455E+0
9.373811E+0
9.423007E+0
9.471182E+0
9.518140E+0
9.558981E+0
9.607973E+0
9.642658E+0
9.693704E+0
9.743492E+0
9.793904E+0
9.833089E+0
9.882264E+0
9.927577E+0
9.977766E+0
1.001593E+1
1.006204E+1
1.010530E+1
1.015100E+1
1.019669E+1
1.024485E+1
1.028727E+1
1.033235E+1
1.038009E+1
1.042577E+1
1.046595E+1
1.051512E+1
1.056060E+1
1.060281E+1
1.064543E+1
1.069396E+1
1.074493E+1
1.078042E+1
1.082323E+1
1.086727E+1
1.090743E+1
1.094923E+1
1.099489E+1
1.103689E+1
1.108642E+1
1.113268E+1
1.117181E+1
1.121402E+1
1.125600E+1
1.129654E+1
1.133913E+1
1.138235E+1
1.142310E+1
1.147241E+1
1.151134E+1
1.155044E+1
1.159343E+1
1.163744E+1
1.168064E+1
1.172322E+1
1.176598E+1
1.180122E+1
1.184706E+1
1.188820E+1
1.192975E+1
1.197048E+1
1.200612E+1
1.204808E+1
1.209206E+1
1.213300E+1
1.217515E+1
1.221201E+1
1.224886E+1
1.229020E+1
1.232724E+1
1.236899E+1
1.240868E+1
1.245265E+1
1.249276E+1
1.253061E+1
1.256664E+1
1.261041E+1
1.265070E+1
1.268632E+1
1.272499E+1
1.277303E+1
1.280722E+1
1.284547E+1
1.288251E+1
1.292238E+1
1.296208E+1
1.299706E+1
1.303593E+1
1.307560E+1
1.311425E+1
1.315353E+1
1.319259E+1
1.323063E+1
1.326703E+1
1.330181E+1
1.333762E+1
1.337829E+1
1.341164E+1
1.344847E+1
1.348549E+1
1.352939E+1
1.355950E+1
1.359692E+1
1.362681E+1
1.366138E+1
1.368984E+1
1.372096E+1
1.374779E+1
1.377768E+1
1.380005E+1
1.382505E+1
1.384660E+1
1.386266E+1
1.388747E+1
1.389884E+1
1.391329E+1
1.392650E+1
1.393625E+1
1.394113E+1
1.394560E+1
1.395821E+1
1.395840E+1
1.396939E+1
1.396410E+1
1.396736E+1
1.396533E+1
1.396797E+1
1.395840E+1
1.395191E+1
1.394662E+1
1.394154E+1
1.392568E+1
1.392244E+1
1.391613E+1
1.390109E+1
1.388848E+1
1.387181E+1
1.386002E+1
1.384295E+1
1.383075E+1
1.380961E+1
1.379171E+1
1.377606E+1
1.375959E+1
1.373782E+1
1.372156E+1
1.369431E+1
1.368172E+1
1.365691E+1
1.363698E+1
1.361197E+1
1.359448E+1
1.357230E+1
1.354486E+1
1.352594E+1
1.350093E+1
1.347836E+1
1.345659E+1
1.343667E+1
1.340758E+1
1.338542E+1
1.335347E+1
1.333008E+1
1.331097E+1
1.327558E+1
1.324994E+1
1.322778E+1
1.320194E+1
1.317062E+1
1.315169E+1
1.312036E+1
1.309310E+1
1.306849E+1
1.304468E+1
1.301110E+1
1.298831E+1
1.295821E+1
1.293399E+1
1.291039E+1
1.287560E+1
1.285382E+1
1.282410E+1
1.280314E+1
1.277506E+1
1.274554E+1
1.271909E+1
1.269121E+1
1.266802E+1
1.263992E+1
1.260451E+1
1.258171E+1
1.255402E+1
1.252553E+1
1.250069E+1
1.247892E+1
1.244777E+1
1.242232E+1
1.239666E+1
1.237163E+1
1.234047E+1
1.231197E+1
1.228592E+1
1.225863E+1
1.223928E+1
1.220406E+1
1.218146E+1
1.215560E+1
1.213056E+1
1.210530E+1
1.207089E+1
1.205073E+1
1.202608E+1
1.199554E+1
1.197171E+1
1.194991E+1
1.191508E+1
1.189125E+1
1.187007E+1
1.184319E+1
1.181874E+1
1.178779E+1
1.177087E+1
1.174623E+1
1.171811E+1
1.169143E+1
1.166290E+1
1.163988E+1
1.161177E+1
1.159098E+1
1.156288E+1
1.153761E+1
1.151582E+1
1.149686E+1
1.146590E+1
1.143939E+1
1.141515E+1
1.138826E+1
1.135993E+1
1.134811E+1
1.132100E+1
1.129552E+1
1.126414E+1
1.124804E+1
1.121767E+1
1.120503E+1
1.117467E+1
1.115123E+1
1.112860E+1
1.110354E+1
1.107581E+1
1.104565E+1
1.103382E+1
1.101078E+1
1.098205E+1
1.096554E+1
1.093780E+1
1.090987E+1
1.089439E+1
1.087095E+1
1.084912E+1
1.082507E+1
1.080283E+1
1.078326E+1
1.076085E+1
1.073514E+1
1.071353E+1
1.068948E+1
1.066866E+1
1.064216E+1
1.062360E+1
1.059486E+1
1.058018E+1
1.055835E+1
1.053387E+1
1.051267E+1
1.048941E+1
1.046779E+1
1.044984E+1
1.042599E+1
1.040435E+1
1.037682E+1
1.036194E+1
1.034236E+1
1.032379E+1
1.030482E+1
1.029563E+1
1.027585E+1
1.026199E+1
1.024873E+1
1.024342E+1
1.023138E+1
1.022934E+1
1.022425E+1
1.021996E+1
1.022159E+1
1.022791E+1
1.022180E+1
1.023198E+1
1.023198E+1
1.024158E+1
1.024934E+1
1.026056E+1
1.028320E+1
1.027830E+1
1.030217E+1
1.032115E+1
1.033419E+1
1.035622E+1
1.038070E+1
1.039844E+1
1.042027E+1
1.044414E+1
1.046922E+1
1.049554E+1
1.052001E+1
1.055243E+1
1.057424E+1
1.061362E+1
1.063605E+1
1.067031E+1
1.069764E+1
1.073657E+1
1.076472E+1
1.080181E+1
1.083893E+1
1.087584E+1
1.090438E+1
1.094168E+1
1.097145E+1
1.101528E+1
1.104667E+1
1.108743E+1
1.112291E+1
1.116326E+1
1.119975E+1
1.123520E+1
1.127659E+1
1.131530E+1
1.135504E+1
1.138601E+1
1.143593E+1
1.147282E+1
1.151541E+1
1.154799E+1
1.159059E+1
1.163092E+1
1.167188E+1
1.171261E+1
1.175519E+1
1.179227E+1
1.183341E+1
1.187252E+1
1.191794E+1
1.195622E+1
1.200123E+1
1.203994E+1
1.208108E+1
1.211672E+1
1.216905E+1
1.220386E+1
1.224499E+1
1.228348E+1
1.232216E+1
1.236572E+1
1.241195E+1
1.245205E+1
1.248562E+1
1.253203E+1
1.257235E+1
1.261590E+1
1.265416E+1
1.269406E+1
1.273577E+1
1.277547E+1
1.281332E+1
1.285768E+1
1.289939E+1
1.293725E+1
1.297591E+1
1.301313E+1
1.306136E+1
1.310144E+1
1.314070E+1
1.317915E+1
1.322024E+1
1.325584E+1
1.329898E+1
1.333864E+1
1.337525E+1
1.341775E+1
1.345741E+1
1.349158E+1
1.353367E+1
1.357679E+1
1.361420E+1
1.365466E+1
1.369006E+1
1.373417E+1
1.376893E+1
1.380696E+1
1.384884E+1
1.388585E+1
1.392630E+1
1.396879E+1
1.399948E+1
1.404054E+1
1.407834E+1
1.411372E+1
1.415334E+1
1.418973E+1
1.422733E+1
1.426290E+1
1.429438E+1
1.434072E+1
1.438258E+1
1.441713E+1
1.445431E+1
1.449047E+1
1.452685E+1
1.456077E+1
1.460141E+1
1.463695E+1
1.467231E+1
1.470764E+1
1.474544E+1
1.477834E+1
1.481856E+1
1.484354E+1
1.488903E+1
1.492173E+1
1.496033E+1
1.500034E+1
1.503668E+1
1.506795E+1
1.510207E+1
1.513963E+1
1.517295E+1
1.520807E+1
1.524259E+1
1.527589E+1
1.530655E+1
1.534512E+1
1.538166E+1
1.541150E+1
1.545088E+1
1.548356E+1
1.552010E+1
1.555076E+1
1.558384E+1
1.561449E+1
1.564900E+1
1.568452E+1
1.571922E+1
1.575575E+1
1.577950E+1
1.582129E+1
1.585701E+1
1.588298E+1
1.591748E+1
1.595420E+1
1.598038E+1
1.601365E+1
1.604349E+1
1.607858E+1
1.610515E+1
1.612747E+1
1.615242E+1
1.618224E+1
1.620009E+1
1.622687E+1
1.623721E+1
1.626257E+1
1.627129E+1
1.628792E+1
1.630071E+1
1.631226E+1
1.632019E+1
1.632749E+1
1.632648E+1
1.633438E+1
1.633824E+1
1.633722E+1
1.633600E+1
1.633296E+1
1.632749E+1
1.632607E+1
1.631713E+1
1.631491E+1
1.629787E+1
1.629139E+1
1.627474E+1
1.626705E+1
1.625001E+1
1.623721E+1
1.621897E+1
1.620274E+1
1.619077E+1
1.617332E+1
1.615343E+1
1.613092E+1
1.611327E+1
1.609319E+1
1.606885E+1
1.605219E+1
1.602339E+1
1.600311E+1
1.597693E+1
1.595866E+1
1.593453E+1
1.590572E+1
1.588115E+1
1.585579E+1
1.583165E+1
1.580689E+1
1.577463E+1
1.574803E+1
1.572144E+1
1.569486E+1
1.566583E+1
1.563926E+1
1.561490E+1
1.558505E+1
1.556334E+1
1.552640E+1
1.549574E+1
1.546388E+1
1.543079E+1
1.540440E+1
1.538267E+1
1.535040E+1
1.531791E+1
1.528826E+1
1.525314E+1
1.522634E+1
1.519751E+1
1.516991E+1
1.513842E+1
1.511020E+1
1.507589E+1
1.504846E+1
1.501557E+1
1.498471E+1
1.495505E+1
1.492622E+1
1.489432E+1
1.486466E+1
1.483360E+1
1.480312E+1
1.477266E+1
1.474645E+1
1.471090E+1
1.468247E+1
1.464894E+1
1.462538E+1
1.459470E+1
1.455854E+1
1.453455E+1
1.450327E+1
1.447220E+1
1.444130E+1
1.441651E+1
1.438258E+1
1.435067E+1
1.432833E+1
1.429641E+1
1.426065E+1
1.424257E+1
1.420314E+1
1.417916E+1
1.414400E+1
1.412103E+1
1.409013E+1
1.406107E+1
1.402876E+1
1.400395E+1
1.397367E+1
1.394763E+1
1.391715E+1
1.388971E+1
1.386043E+1
1.383053E+1
1.379964E+1
1.377219E+1
1.374393E+1
1.371709E+1
1.368943E+1
1.365711E+1
1.363210E+1
1.359388E+1
1.357109E+1
1.354710E+1
1.351680E+1
1.348914E+1
1.346188E+1
1.344216E+1
1.341084E+1
1.337911E+1
1.335572E+1
1.333030E+1
1.329794E+1
1.326763E+1
1.324588E+1
1.321211E+1
1.319298E+1
1.317021E+1
1.313439E+1
1.310816E+1
1.308007E+1
1.305628E+1
1.303105E+1
1.300562E+1
1.297448E+1
1.295088E+1
1.292647E+1
1.289980E+1
1.287071E+1
1.284649E+1
1.282166E+1
1.279745E+1
1.277139E+1
1.274332E+1
1.271889E+1
1.269263E+1
1.266761E+1
1.264236E+1
1.261508E+1
1.259656E+1
1.256176E+1
1.254425E+1
1.251474E+1
1.249174E+1
1.246202E+1
1.243759E+1
1.241744E+1
1.239076E+1
1.237081E+1
1.234313E+1
1.231483E+1
1.229223E+1
1.227349E+1
1.224458E+1
1.222484E+1
1.220691E+1
1.217474E+1
1.216211E+1
1.214033E+1
1.211752E+1
1.210469E+1
1.209126E+1
1.207699E+1
1.206763E+1
1.205969E+1
1.205461E+1
1.204522E+1
1.204645E+1
1.204319E+1
1.204014E+1
1.204096E+1
1.205113E+1
1.204972E+1
1.205887E+1
1.206295E+1
1.207740E+1
1.208331E+1
1.209695E+1
1.211183E+1
1.212485E+1
1.214827E+1
1.216150E+1
1.217861E+1
1.220120E+1
1.222320E+1
1.224356E+1
1.226473E+1
1.229141E+1
1.231461E+1
1.233967E+1
1.236817E+1
1.239688E+1
1.242293E+1
1.244960E+1
1.247648E+1
1.251351E+1
1.254771E+1
1.256950E+1
1.260369E+1
1.263728E+1
1.266577E+1
1.270262E+1
1.273151E+1
1.276977E+1
1.281189E+1
1.283916E+1
1.287599E+1
1.290631E+1
1.294965E+1
1.297956E+1
1.301884E+1
1.305689E+1
1.308597E+1
1.312972E+1
1.316146E+1
1.319889E+1
1.323489E+1
1.328453E+1
1.331401E+1
1.334982E+1
1.339050E+1
1.342914E+1
1.347205E+1
1.350378E+1
1.354159E+1
1.357882E+1
1.362193E+1
1.365752E+1
1.368904E+1
1.373519E+1
1.377606E+1
1.381570E+1
1.384742E+1
1.388889E+1
1.392954E+1
1.396533E+1
1.400354E+1
1.404013E+1
1.407611E+1
1.411859E+1
1.416066E+1
1.419886E+1
1.423281E+1
1.427509E+1
1.430800E+1
1.434682E+1
1.438888E+1
1.442485E+1
1.446283E+1
1.450469E+1
1.453883E+1
1.457561E+1
1.461257E+1
1.465179E+1
1.468570E+1
1.472024E+1
1.475601E+1
1.480170E+1
1.484538E+1
1.487279E+1
1.490894E+1
1.494692E+1
1.498693E+1
1.501921E+1
1.506248E+1
1.509680E+1
1.513336E+1
1.516950E+1
1.520462E+1
1.524462E+1
1.527832E+1
1.531569E+1
1.535385E+1
1.538938E+1
1.542754E+1
1.546144E+1
1.549514E+1
1.553351E+1
1.557005E+1
1.560190E+1
1.563458E+1
1.567558E+1
1.571353E+1
1.574661E+1
1.578273E+1
1.581297E+1
1.584971E+1
1.588602E+1
1.591707E+1
1.595724E+1
1.599094E+1
1.602298E+1
1.605646E+1
1.610272E+1
1.613133E+1
1.616317E+1
1.619158E+1
1.623032E+1
1.626664E+1
1.630071E+1
1.633458E+1
1.636805E+1
1.639178E+1
1.643114E+1
1.646926E+1
1.649805E+1
1.652969E+1
1.656356E+1
1.659864E+1
1.663474E+1
1.666637E+1
1.669699E+1
1.673023E+1
1.676369E+1
1.678964E+1
1.682127E+1
1.685290E+1
1.689141E+1
1.691918E+1
1.695548E+1
1.698243E+1
1.701386E+1
1.704649E+1
1.708175E+1
1.711176E+1
1.713993E+1
1.717379E+1
1.720156E+1
1.723944E+1
1.727168E+1
1.730146E+1
1.733124E+1
1.735616E+1
1.739021E+1
1.741717E+1
1.744575E+1
1.747430E+1
1.750044E+1
1.753205E+1
1.754683E+1
1.757095E+1
1.759709E+1
1.760884E+1
1.762829E+1
1.764449E+1
1.765523E+1
1.767347E+1
1.767773E+1
1.769089E+1
1.769352E+1
1.770385E+1
1.770264E+1
1.771419E+1
1.770021E+1
1.769980E+1
1.769655E+1
1.769474E+1
1.768846E+1
1.768076E+1
1.767691E+1
1.766454E+1
1.765361E+1
1.763943E+1
1.762728E+1
1.761269E+1
1.759688E+1
1.757622E+1
1.755899E+1
1.754462E+1
1.752921E+1
1.750287E+1
1.748586E+1
1.746397E+1
1.744332E+1
1.741838E+1
1.740198E+1
1.737461E+1
1.734766E+1
1.732132E+1
1.729315E+1
1.726924E+1
1.724451E+1
1.721897E+1
1.719486E+1
1.716527E+1
1.714256E+1
1.710569E+1
1.707932E+1
1.705297E+1
1.701832E+1
1.699137E+1
1.696521E+1
1.693479E+1
1.690237E+1
1.687217E+1
1.684032E+1
1.680688E+1
1.678357E+1
1.674585E+1
1.672050E+1
1.668928E+1
1.665784E+1
1.662582E+1
1.659681E+1
1.656458E+1
1.653193E+1
1.649379E+1
1.646379E+1
1.643256E+1
1.640152E+1
1.637554E+1
1.634127E+1
1.630618E+1
1.628001E+1
1.624514E+1
1.621065E+1
1.618387E+1
1.616175E+1
1.611916E+1
1.607960E+1
1.605504E+1
1.600817E+1
1.599417E+1
1.596211E+1
1.592457E+1
1.589150E+1
1.586269E+1
1.583226E+1
1.579674E+1
1.576872E+1
1.573788E+1
1.570135E+1
1.567193E+1
1.563600E+1
1.560779E+1
1.557572E+1
1.555015E+1
1.551482E+1
1.548458E+1
1.545778E+1
1.541557E+1
1.538754E+1
1.535831E+1
1.532664E+1
1.530005E+1
1.525741E+1
1.523772E+1
1.520076E+1
1.517153E+1
1.514086E+1
1.511386E+1
1.507649E+1
1.504563E+1
1.502064E+1
1.499059E+1
1.496053E+1
1.492803E+1
1.489736E+1
1.487320E+1
1.484151E+1
1.481267E+1
1.477976E+1
1.475254E+1
1.472065E+1
1.469302E+1
1.466275E+1
1.463716E+1
1.461117E+1
1.457805E+1
1.455367E+1
1.452156E+1
1.448722E+1
1.446223E+1
1.442870E+1
1.440675E+1
1.437648E+1
1.434641E+1
1.431897E+1
1.429093E+1
1.425780E+1
1.423098E+1
1.420985E+1
1.417570E+1
1.414765E+1
1.411758E+1
1.409338E+1
1.406921E+1
1.403851E+1
1.400985E+1
1.398768E+1
1.395536E+1
1.393036E+1
1.391024E+1
1.387669E+1
1.384580E+1
1.381488E+1
1.379456E+1
1.377118E+1
1.373782E+1
1.371241E+1
1.368680E+1
1.365793E+1
1.363799E+1
1.360668E+1
1.358044E+1
1.355360E+1
1.352920E+1
1.350255E+1
1.347633E+1
1.344888E+1
1.342670E+1
1.339823E+1
1.337423E+1
1.334637E+1
1.332663E+1
1.329714E+1
1.327781E+1
1.325951E+1
1.323916E+1
1.322227E+1
1.320581E+1
1.319421E+1
1.317122E+1
1.315983E+1
1.315251E+1
1.314171E+1
1.313175E+1
1.312747E+1
1.313257E+1
1.312503E+1
1.312525E+1
1.312503E+1
1.313155E+1
1.313663E+1
1.314212E+1
1.315210E+1
1.315942E+1
1.317204E+1
1.317753E+1
1.319237E+1
1.321211E+1
1.322575E+1
1.324709E+1
1.326031E+1
1.328167E+1
1.330243E+1
1.332745E+1
1.334881E+1
1.337037E+1
1.339171E+1
1.341937E+1
1.344724E+1
1.347592E+1
1.350093E+1
1.352594E+1
1.355727E+1
1.358736E+1
1.361420E+1
1.364715E+1
1.367745E+1
1.371221E+1
1.373804E+1
1.377057E+1
1.380370E+1
1.383746E+1
1.387222E+1
1.390333E+1
1.393787E+1
1.397265E+1
1.400354E+1
1.403994E+1
1.407672E+1
1.411534E+1
1.415984E+1
1.418607E+1
1.422204E+1
1.425862E+1
1.428931E+1
1.432548E+1
1.436428E+1
1.439477E+1
1.443784E+1
1.446467E+1
1.450998E+1
1.454614E+1
1.458088E+1
1.461076E+1
1.465666E+1
1.469830E+1
1.473344E+1
1.477307E+1
1.481511E+1
1.484171E+1
1.487909E+1
1.491545E+1
1.495809E+1
1.499465E+1
1.503079E+1
1.506715E+1
1.510451E+1
1.514127E+1
1.517437E+1
1.520928E+1
1.524807E+1
1.528380E+1
1.532806E+1
1.536258E+1
1.539587E+1
1.543282E+1
1.547585E+1
1.551118E+1
1.554487E+1
1.558141E+1
1.561652E+1
1.565691E+1
1.568696E+1
1.572327E+1
1.576002E+1
1.578924E+1
1.583833E+1
1.587122E+1
1.590835E+1
1.594203E+1
1.598139E+1
1.601386E+1
1.605159E+1
1.608710E+1
1.611976E+1
1.615364E+1
1.618773E+1
1.622525E+1
1.625832E+1
1.629908E+1
1.632951E+1
1.636561E+1
1.639949E+1
1.643335E+1
1.646439E+1
1.650333E+1
1.653335E+1
1.656863E+1
1.660228E+1
1.664001E+1
1.667326E+1
1.670287E+1
1.674666E+1
1.677321E+1
1.680546E+1
1.684682E+1
1.687296E+1
1.690825E+1
1.693987E+1
1.697311E+1
1.700616E+1
1.703758E+1
1.707243E+1
1.710689E+1
1.714540E+1
1.717054E+1
1.720216E+1
1.723722E+1
1.726619E+1
1.729700E+1
1.733226E+1
1.736570E+1
1.739690E+1
1.742406E+1
1.745911E+1
1.749233E+1
1.752314E+1
1.755413E+1
1.758879E+1
1.761633E+1
1.764894E+1
1.768237E+1
1.771054E+1
1.774295E+1
1.776907E+1
1.780656E+1
1.782883E+1
1.786671E+1
1.789101E+1
1.792282E+1
1.795341E+1
1.798378E+1
1.800849E+1
1.804453E+1
1.807875E+1
1.810630E+1
1.813565E+1
1.816724E+1
1.819378E+1
1.822697E+1
1.825837E+1
1.827942E+1
1.830595E+1
1.833328E+1
1.835798E+1
1.838896E+1
1.840333E+1
1.842478E+1
1.844280E+1
1.846346E+1
1.847721E+1
1.850090E+1
1.850738E+1
1.851669E+1
1.852438E+1
1.852883E+1
1.853633E+1
1.854119E+1
1.854381E+1
1.853855E+1
1.854766E+1
1.853855E+1
1.853268E+1
1.852520E+1
1.851952E+1
1.851245E+1
1.850536E+1
1.849119E+1
1.848025E+1
1.846507E+1
1.845071E+1
1.843147E+1
1.842054E+1
1.839827E+1
1.838228E+1
1.836000E+1
1.834583E+1
1.832296E+1
1.829907E+1
1.827639E+1
1.825714E+1
1.823104E+1
1.820511E+1
1.818324E+1
1.815874E+1
1.812978E+1
1.810671E+1
1.807572E+1
1.804554E+1
1.802348E+1
1.799552E+1
1.796900E+1
1.793091E+1
1.790661E+1
1.787724E+1
1.784868E+1
1.781525E+1
1.778873E+1
1.775653E+1
1.772714E+1
1.769614E+1
1.766090E+1
1.763477E+1
1.759972E+1
1.756710E+1
1.753590E+1
1.750511E+1
1.747288E+1
1.743662E+1
1.740906E+1
1.737603E+1
1.733996E+1
1.731200E+1
1.727592E+1
1.724370E+1
1.720803E+1
1.718006E+1
1.714561E+1
1.711682E+1
1.707852E+1
1.705338E+1
1.701427E+1
1.698549E+1
1.695001E+1
1.691878E+1
1.688472E+1
1.684235E+1
1.681782E+1
1.678113E+1
1.675254E+1
1.672070E+1
1.668887E+1
1.665360E+1
1.661547E+1
1.658546E+1
1.654489E+1
1.652340E+1
1.648832E+1
1.645829E+1
1.642605E+1
1.638771E+1
1.636014E+1
1.632727E+1
1.629727E+1
1.625953E+1
1.622301E+1
1.619522E+1
1.616560E+1
1.613477E+1
1.610739E+1
1.606986E+1
1.603942E+1
1.600290E+1
1.597368E+1
1.594101E+1
1.591584E+1
1.587831E+1
1.584422E+1
1.581663E+1
1.578599E+1
1.575594E+1
1.572327E+1
1.569183E+1
1.566118E+1
1.562829E+1
1.560007E+1
1.556455E+1
1.554000E+1
1.550773E+1
1.547505E+1
1.544642E+1
1.541393E+1
1.538593E+1
1.535628E+1
1.532543E+1
1.529313E+1
1.526634E+1
1.524380E+1
1.520402E+1
1.518106E+1
1.514655E+1
1.511669E+1
1.507690E+1
1.505842E+1
1.502105E+1
1.499972E+1
1.496967E+1
1.494610E+1
1.490834E+1
1.488823E+1
1.485472E+1
1.482283E+1
1.478972E+1
1.476332E+1
1.473933E+1
1.470257E+1
1.468225E+1
1.465341E+1
1.462273E+1
1.459449E+1
1.456767E+1
1.454025E+1
1.451790E+1
1.448439E+1
1.445513E+1
1.442831E+1
1.439173E+1
1.437790E+1
1.433910E+1
1.431938E+1
1.429337E+1
1.426268E+1
1.423424E+1
1.420963E+1
1.417672E+1
1.415699E+1
1.412753E+1
1.410090E+1
1.407327E+1
1.404907E+1
1.402245E+1
1.399907E+1
1.397447E+1
1.395130E+1
1.392935E+1
1.390657E+1
1.389152E+1
1.386998E+1
1.385353E+1
1.383848E+1
1.382282E+1
1.381326E+1
1.380736E+1
1.379497E+1
1.379111E+1
1.378277E+1
1.377971E+1
1.378316E+1
1.378785E+1
1.378215E+1
1.379780E+1
1.379780E+1
1.380838E+1
1.381184E+1
1.382770E+1
1.383725E+1
1.384843E+1
1.386205E+1
1.387792E+1
1.389804E+1
1.391389E+1
1.393157E+1
1.395333E+1
1.397183E+1
1.399379E+1
1.402001E+1
1.404197E+1
1.406737E+1
1.409075E+1
1.411900E+1
1.414236E+1
1.417305E+1
1.419664E+1
1.422895E+1
1.425578E+1
1.428260E+1
1.431836E+1
1.434398E+1
1.437648E+1
1.441266E+1
1.443664E+1
1.446874E+1
1.450693E+1
1.453984E+1
1.456808E+1
1.460120E+1
1.463837E+1
1.467170E+1
1.470216E+1
1.474056E+1
1.477611E+1
1.480476E+1
1.483826E+1
1.487747E+1
1.491017E+1
1.495037E+1
1.498531E+1
1.502187E+1
1.505984E+1
1.509213E+1
1.513193E+1
1.516340E+1
1.520339E+1
1.524057E+1
1.527386E+1
1.530411E+1
1.534512E+1
1.538024E+1
1.542145E+1
1.545414E+1
1.549514E+1
1.552234E+1
1.556212E+1
1.559966E+1
1.563762E+1
1.566928E+1
1.570704E+1
1.574133E+1
1.578577E+1
1.581581E+1
1.585214E+1
1.588602E+1
1.592681E+1
1.596211E+1
1.599986E+1
1.603170E+1
1.606519E+1
1.610455E+1
1.614208E+1
1.617758E+1
1.621268E+1
1.624574E+1
1.627840E+1
1.631693E+1
1.635506E+1
1.638834E+1
1.642403E+1
1.645586E+1
1.649015E+1
1.652523E+1
1.656294E+1
1.659944E+1
1.663088E+1
1.666576E+1
1.670084E+1
1.673185E+1
1.676774E+1
1.680363E+1
1.683505E+1
1.687438E+1
1.690683E+1
1.694089E+1
1.697190E+1
1.700960E+1
1.703819E+1
1.706798E+1
1.710872E+1
1.713223E+1
1.717803E+1
1.721331E+1
1.724572E+1
1.727654E+1
1.730652E+1
1.733955E+1
1.737340E+1
1.740217E+1
1.744108E+1
1.747107E+1
1.749842E+1
1.753347E+1
1.756912E+1
1.759466E+1
1.762829E+1
1.766374E+1
1.769089E+1
1.773140E+1
1.776038E+1
1.779237E+1
1.781648E+1
1.784849E+1
1.787907E+1
1.791187E+1
1.794732E+1
1.798014E+1
1.800849E+1
1.803683E+1
1.806722E+1
1.810245E+1
1.813303E+1
1.816098E+1
1.818911E+1
1.822719E+1
1.825392E+1
1.828226E+1
1.830838E+1
1.834562E+1
1.838370E+1
1.839563E+1
1.843592E+1
1.846163E+1
1.849605E+1
1.851933E+1
1.854929E+1
1.858592E+1
1.860232E+1
1.863289E+1
1.867175E+1
1.869542E+1
1.872821E+1
1.875149E+1
1.878467E+1
1.880775E+1
1.884356E+1
1.886056E+1
1.887919E+1
1.891155E+1
1.893321E+1
1.895324E+1
1.896660E+1
1.898925E+1
1.900707E+1
1.901820E+1
1.902406E+1
1.903700E+1
1.904592E+1
1.905563E+1
1.905440E+1
1.906392E+1
1.906332E+1
1.906089E+1
1.906553E+1
1.905503E+1
1.904531E+1
1.904854E+1
1.903661E+1
1.902871E+1
1.901233E+1
1.900767E+1
1.899817E+1
1.897834E+1
1.896781E+1
1.894495E+1
1.893018E+1
1.890912E+1
1.889739E+1
1.887777E+1
1.885570E+1
1.882899E+1
1.880915E+1
1.878609E+1
1.875978E+1
1.873752E+1
1.871465E+1
1.869582E+1
1.866343E+1
1.864280E+1
1.860738E+1
1.857601E+1
1.855495E+1
1.852236E+1
1.849990E+1
1.846204E+1
1.843572E+1
1.840941E+1
1.837477E+1
1.835029E+1
1.832315E+1
1.829116E+1
1.825613E+1
1.822171E+1
1.818952E+1
1.815874E+1
1.812533E+1
1.809617E+1
1.806903E+1
1.802913E+1
1.799997E+1
1.796778E+1
1.793091E+1
1.789811E+1
1.786692E+1
1.783633E+1
1.779906E+1
1.777010E+1
1.773504E+1
1.769920E+1
1.766820E+1
1.763315E+1
1.760215E+1
1.756953E+1
1.753205E+1
1.749862E+1
1.746864E+1
1.743479E+1
1.740096E+1
1.736813E+1
1.733632E+1
1.729944E+1
1.727146E+1
1.723074E+1
1.720156E+1
1.716669E+1
1.713346E+1
1.709596E+1
1.706311E+1
1.703575E+1
1.700211E+1
1.696805E+1
1.693643E+1
1.690196E+1
1.687296E+1
1.683587E+1
1.680262E+1
1.676957E+1
1.673491E+1
1.670651E+1
1.667326E+1
1.664791E+1
1.660775E+1
1.657349E+1
1.654226E+1
1.651003E+1
1.648082E+1
1.644613E+1
1.641268E+1
1.638509E+1
1.635812E+1
1.631086E+1
1.628387E+1
1.626136E+1
1.621875E+1
1.619178E+1
1.616379E+1
1.612585E+1
1.609946E+1
1.606822E+1
1.602927E+1
1.600593E+1
1.597348E+1
1.594019E+1
1.590876E+1
1.588380E+1
1.585152E+1
1.581907E+1
1.578640E+1
1.575616E+1
1.572165E+1
1.570217E+1
1.566605E+1
1.563439E+1
1.560658E+1
1.557410E+1
1.554284E+1
1.552396E+1
1.548682E+1
1.545657E+1
1.542449E+1
1.540501E+1
1.537090E+1
1.533841E+1
1.530695E+1
1.528095E+1
1.524766E+1
1.521903E+1
1.519345E+1
1.516016E+1
1.513659E+1
1.510412E+1
1.507871E+1
1.505659E+1
1.502085E+1
1.499404E+1
1.496195E+1
1.493392E+1
1.490529E+1
1.488336E+1
1.485351E+1
1.482566E+1
1.479175E+1
1.477510E+1
1.474382E+1
1.471334E+1
1.468957E+1
1.465749E+1
1.463311E+1
1.460689E+1
1.457947E+1
1.454513E+1
1.452236E+1
1.450023E+1
1.447178E+1
1.444740E+1
1.442587E+1
1.439965E+1
1.437324E+1
1.434905E+1
1.432913E+1
1.432222E+1
1.430556E+1
1.428057E+1
1.427183E+1
1.426147E+1
1.424684E+1
1.423687E+1
1.423627E+1
1.422936E+1
1.422306E+1
1.422671E+1
1.422591E+1
1.422591E+1
1.423199E+1
1.423870E+1
1.424684E+1
1.424786E+1
1.425942E+1
1.426797E+1
1.428342E+1
1.429825E+1
1.431308E+1
1.432894E+1
1.434499E+1
1.436368E+1
1.438340E+1
1.441083E+1
1.442404E+1
1.445004E+1
1.446812E+1
1.449494E+1
1.451913E+1
1.454534E+1
1.457397E+1
1.460141E+1
1.462437E+1
1.465179E+1
1.468124E+1
1.470989E+1
1.474177E+1
1.476940E+1
1.479783E+1
1.483440E+1
1.486285E+1
1.489574E+1
1.492315E+1
1.496236E+1
1.499323E+1
1.502409E+1
1.506269E+1
1.509273E+1
1.512624E+1
1.516685E+1
1.519671E+1
1.522918E+1
1.526513E+1
1.529212E+1
1.533253E+1
1.536724E+1
1.540033E+1
1.543892E+1
1.547869E+1
1.551178E+1
1.554284E+1
1.557673E+1
1.561145E+1
1.564900E+1
1.568288E+1
1.572409E+1
1.575898E+1
1.579390E+1
1.583185E+1
1.586818E+1
1.590164E+1
1.593289E+1
1.597348E+1
1.600716E+1
1.604267E+1
1.608304E+1
1.610860E+1
1.615020E+1
1.618489E+1
1.622687E+1
1.626035E+1
1.629746E+1
1.632809E+1
1.636318E+1
1.640010E+1
1.643499E+1
1.647210E+1
1.650617E+1
1.654003E+1
1.657937E+1
1.661932E+1
1.664285E+1
1.667793E+1
1.672477E+1
1.675375E+1
1.678316E+1
1.682006E+1
1.685249E+1
1.689061E+1
1.692224E+1
1.695527E+1
1.699339E+1
1.703067E+1
1.706393E+1
1.709413E+1
1.712838E+1
1.716669E+1
1.719790E+1
1.723033E+1
1.726802E+1
1.729436E+1
1.733327E+1
1.736996E+1
1.740217E+1
1.742933E+1
1.746621E+1
1.749741E+1
1.752962E+1
1.755961E+1
1.759283E+1
1.762667E+1
1.766151E+1
1.769210E+1
1.772493E+1
1.775612E+1
1.779056E+1
1.782175E+1
1.785699E+1
1.788514E+1
1.791796E+1
1.795035E+1
1.798397E+1
1.801477E+1
1.804696E+1
1.808443E+1
1.810812E+1
1.814012E+1
1.816846E+1
1.819702E+1
1.822738E+1
1.825897E+1
1.829724E+1
1.832823E+1
1.835394E+1
1.838411E+1
1.841607E+1
1.843876E+1
1.847074E+1
1.850718E+1
1.853472E+1
1.856447E+1
1.859321E+1
1.863005E+1
1.865819E+1
1.868248E+1
1.871405E+1
1.873995E+1
1.876322E+1
1.880836E+1
1.882656E+1
1.885955E+1
1.889273E+1
1.891398E+1
1.894353E+1
1.897408E+1
1.900423E+1
1.903113E+1
1.906371E+1
1.909002E+1
1.911834E+1
1.913757E+1
1.917317E+1
1.920250E+1
1.922375E+1
1.924619E+1
1.926886E+1
1.928484E+1
1.930952E+1
1.932428E+1
1.934411E+1
1.935725E+1
1.937020E+1
1.938376E+1
1.939650E+1
1.939568E+1
1.940904E+1
1.941005E+1
1.940924E+1
1.941611E+1
1.940741E+1
1.941248E+1
1.941166E+1
1.939770E+1
1.939487E+1
1.938578E+1
1.937951E+1
1.937182E+1
1.935220E+1
1.933702E+1
1.932731E+1
1.930385E+1
1.928888E+1
1.927533E+1
1.925651E+1
1.923569E+1
1.921788E+1
1.919623E+1
1.916892E+1
1.915072E+1
1.913272E+1
1.910358E+1
1.907909E+1
1.905036E+1
1.902041E+1
1.900180E+1
1.897509E+1
1.894232E+1
1.891641E+1
1.888890E+1
1.886238E+1
1.882473E+1
1.880350E+1
1.877051E+1
1.874036E+1
1.871304E+1
1.868308E+1
1.864665E+1
1.861668E+1
1.858551E+1
1.855151E+1
1.852296E+1
1.848754E+1
1.845718E+1
1.842336E+1
1.839281E+1
1.835596E+1
1.832416E+1
1.829096E+1
1.825572E+1
1.822657E+1
1.819014E+1
1.815631E+1
1.812391E+1
1.808909E+1
1.805567E+1
1.802326E+1
1.798479E+1
1.795238E+1
1.791897E+1
1.788555E+1
1.785051E+1
1.782276E+1
1.778933E+1
1.775308E+1
1.771824E+1
1.767833E+1
1.764673E+1
1.761452E+1
1.757784E+1
1.754705E+1
1.751462E+1
1.747957E+1
1.744291E+1
1.740988E+1
1.737887E+1
1.734138E+1
1.730977E+1
1.728241E+1
1.724025E+1
1.720905E+1
1.717622E+1
1.714054E+1
1.711561E+1
1.708014E+1
1.704346E+1
1.700919E+1
1.697716E+1
1.694351E+1
1.691230E+1
1.687520E+1
1.684519E+1
1.681033E+1
1.678012E+1
1.674970E+1
1.671826E+1
1.667873E+1
1.665521E+1
1.661466E+1
1.658525E+1
1.656518E+1
1.651591E+1
1.648730E+1
1.646053E+1
1.642422E+1
1.639684E+1
1.635749E+1
1.632790E+1
1.629869E+1
1.626297E+1
1.623092E+1
1.620253E+1
1.616623E+1
1.614147E+1
1.610961E+1
1.607331E+1
1.605504E+1
1.602197E+1
1.598585E+1
1.595379E+1
1.592112E+1
1.589272E+1
1.586290E+1
1.583428E+1
1.580730E+1
1.577745E+1
1.574642E+1
1.572064E+1
1.568411E+1
1.565650E+1
1.562240E+1
1.559115E+1
1.556233E+1
1.553877E+1
1.550650E+1
1.547300E+1
1.544702E+1
1.541374E+1
1.539099E+1
1.536157E+1
1.532989E+1
1.530249E+1
1.527263E+1
1.524645E+1
1.521456E+1
1.518390E+1
1.515934E+1
1.512685E+1
1.509719E+1
1.507142E+1
1.503588E+1
1.501781E+1
1.498958E+1
1.495850E+1
1.493657E+1
1.490447E+1
1.487583E+1
1.485208E+1
1.482040E+1
1.479438E+1
1.476820E+1
1.475215E+1
1.471110E+1
1.469200E+1
1.465971E+1
1.464691E+1
1.462437E+1
1.459937E+1
1.458170E+1
1.456687E+1
1.454981E+1
1.453477E+1
1.452236E+1
1.451688E+1
1.450124E+1
1.449658E+1
1.449595E+1
1.448478E+1
1.448579E+1
1.448173E+1
1.448579E+1
1.449190E+1
1.449658E+1
1.450368E+1
1.450998E+1
1.452420E+1
1.453598E+1
1.454534E+1
1.455671E+1
1.457153E+1
1.459328E+1
1.460629E+1
1.462538E+1
1.464834E+1
1.465951E+1
1.468754E+1
1.471049E+1
1.472898E+1
1.475560E+1
1.477672E+1
1.480109E+1
1.482648E+1
1.485614E+1
1.488234E+1
1.490935E+1
1.493251E+1
1.496297E+1
1.499506E+1
1.502085E+1
1.505314E+1
1.508359E+1
1.511751E+1
1.514412E+1
1.517903E+1
1.520950E+1
1.523833E+1
1.527386E+1
1.530674E+1
1.534227E+1
1.537150E+1
1.541415E+1
1.544114E+1
1.547341E+1
1.551381E+1
1.554892E+1
1.557755E+1
1.561570E+1
1.565122E+1
1.568452E+1
1.571821E+1
1.575819E+1
1.578659E+1
1.581663E+1
1.586087E+1
1.588785E+1
1.592925E+1
1.596780E+1
1.599945E+1
1.603536E+1
1.606742E+1
1.610780E+1
1.614208E+1
1.617920E+1
1.621166E+1
1.625182E+1
1.628408E+1
1.631816E+1
1.635506E+1
1.639157E+1
1.642302E+1
1.645911E+1
1.649846E+1
1.654065E+1
1.656720E+1
1.660816E+1
1.664203E+1
1.667528E+1
1.670853E+1
1.674423E+1
1.678396E+1
1.681337E+1
1.685147E+1
1.688250E+1
1.692121E+1
1.695244E+1
1.698568E+1
1.702419E+1
1.705986E+1
1.709555E+1
1.712351E+1
1.716385E+1
1.719465E+1
1.723074E+1
1.725708E+1
1.729741E+1
1.732922E+1
1.736469E+1
1.739548E+1
1.743135E+1
1.746600E+1
1.749801E+1
1.752779E+1
1.756103E+1
1.760581E+1
1.763436E+1
1.766637E+1
1.769352E+1
1.772714E+1
1.776016E+1
1.779441E+1
1.783025E+1
1.785800E+1
1.789202E+1
1.792564E+1
1.795522E+1
1.798743E+1
1.802004E+1
1.805466E+1
1.807754E+1
1.811378E+1
1.814741E+1
1.817900E+1
1.820835E+1
1.824439E+1
1.826869E+1
1.829866E+1
1.833104E+1
1.835656E+1
1.839503E+1
1.843248E+1
1.845434E+1
1.849179E+1
1.851810E+1
1.854706E+1
1.857965E+1
1.861163E+1
1.863775E+1
1.867175E+1
1.870251E+1
1.873043E+1
1.876262E+1
1.879095E+1
1.882129E+1
1.884923E+1
1.888080E+1
1.891420E+1
1.893807E+1
1.896478E+1
1.899957E+1
1.902770E+1
1.905967E+1
1.908354E+1
1.911390E+1
1.914101E+1
1.917236E+1
1.920007E+1
1.922860E+1
1.925915E+1
1.928868E+1
1.931032E+1
1.933197E+1
1.936716E+1
1.939386E+1
1.942399E+1
1.944788E+1
1.947011E+1
1.949257E+1
1.951401E+1
1.953443E+1
1.955101E+1
1.957244E+1
1.958540E+1
1.959409E+1
1.960318E+1
1.961492E+1
1.962300E+1
1.962523E+1
1.963210E+1
1.963473E+1
1.963150E+1
1.963129E+1
1.962968E+1
1.963009E+1
1.962442E+1
1.961553E+1
1.960440E+1
1.959671E+1
1.957994E+1
1.957266E+1
1.955930E+1
1.953948E+1
1.952735E+1
1.951035E+1
1.949135E+1
1.947011E+1
1.945131E+1
1.943391E+1
1.941186E+1
1.939001E+1
1.936655E+1
1.933541E+1
1.931599E+1
1.929354E+1
1.926501E+1
1.924115E+1
1.921627E+1
1.918632E+1
1.915618E+1
1.912402E+1
1.909832E+1
1.907241E+1
1.904733E+1
1.901334E+1
1.898420E+1
1.895141E+1
1.892571E+1
1.888404E+1
1.885630E+1
1.882454E+1
1.879177E+1
1.875714E+1
1.873206E+1
1.869926E+1
1.866384E+1
1.863390E+1
1.860192E+1
1.856709E+1
1.853491E+1
1.849968E+1
1.847053E+1
1.842843E+1
1.839827E+1
1.837094E+1
1.832902E+1
1.829460E+1
1.826099E+1
1.822313E+1
1.818993E+1
1.816219E+1
1.811967E+1
1.809090E+1
1.805628E+1
1.802913E+1
1.798823E+1
1.795685E+1
1.792078E+1
1.788716E+1
1.785051E+1
1.781689E+1
1.778570E+1
1.774700E+1
1.771013E+1
1.768016E+1
1.764389E+1
1.761187E+1
1.757642E+1
1.754604E+1
1.750834E+1
1.747492E+1
1.743946E+1
1.740521E+1
1.737422E+1
1.733632E+1
1.730510E+1
1.727471E+1
1.724187E+1
1.720762E+1
1.717926E+1
1.713589E+1
1.710933E+1
1.707366E+1
1.703696E+1
1.700189E+1
1.697595E+1
1.694514E+1
1.690967E+1
1.687561E+1
1.683546E+1
1.681539E+1
1.678174E+1
1.674869E+1
1.671523E+1
1.668217E+1
1.665095E+1
1.662054E+1
1.658546E+1
1.655301E+1
1.651875E+1
1.649441E+1
1.645993E+1
1.642646E+1
1.639422E+1
1.636643E+1
1.634067E+1
1.630132E+1
1.627049E+1
1.623742E+1
1.620619E+1
1.618083E+1
1.614492E+1
1.611347E+1
1.608283E+1
1.605140E+1
1.601567E+1
1.599072E+1
1.596150E+1
1.593250E+1
1.591018E+1
1.586979E+1
1.584200E+1
1.581176E+1
1.578273E+1
1.575392E+1
1.572084E+1
1.569303E+1
1.566381E+1
1.563518E+1
1.560292E+1
1.557451E+1
1.554690E+1
1.551624E+1
1.549290E+1
1.545860E+1
1.543506E+1
1.540197E+1
1.537334E+1
1.534857E+1
1.531832E+1
1.529335E+1
1.526025E+1
1.523690E+1
1.520542E+1
1.518106E+1
1.514757E+1
1.511833E+1
1.509333E+1
1.506633E+1
1.504278E+1
1.500826E+1
1.498471E+1
1.495363E+1
1.492824E+1
1.490264E+1
1.487544E+1
1.484639E+1
1.482810E+1
1.480476E+1
1.478526E+1
1.475883E+1
1.475254E+1
1.473670E+1
1.471923E+1
1.470562E+1
1.470096E+1
1.469159E+1
1.467921E+1
1.467515E+1
1.467535E+1
1.467250E+1
1.467088E+1
1.467129E+1
1.468044E+1
1.468307E+1
1.469159E+1
1.469770E+1
1.470378E+1
1.471597E+1
1.472816E+1
1.474138E+1
1.476149E+1
1.477204E+1
1.479337E+1
1.480799E+1
1.482506E+1
1.484212E+1
1.486690E+1
1.488761E+1
1.491463E+1
1.493534E+1
1.496316E+1
1.497983E+1
1.500420E+1
1.503304E+1
1.506105E+1
1.509273E+1
1.511792E+1
1.514532E+1
1.517234E+1
1.520766E+1
1.523487E+1
1.526797E+1
1.529883E+1
1.533212E+1
1.536176E+1
1.540095E+1
1.542105E+1
1.545414E+1
1.548824E+1
1.552295E+1
1.555237E+1
1.558871E+1
1.562402E+1
1.565529E+1
1.568857E+1
1.572064E+1
1.575515E+1
1.579086E+1
1.582698E+1
1.586451E+1
1.589171E+1
1.593149E+1
1.596150E+1
1.600615E+1
1.603334E+1
1.606885E+1
1.610414E+1
1.613458E+1
1.616987E+1
1.620964E+1
1.624046E+1
1.627960E+1
1.631125E+1
1.635041E+1
1.638123E+1
1.641490E+1
1.645405E+1
1.648608E+1
1.652564E+1
1.656012E+1
1.659419E+1
1.662784E+1
1.666353E+1
1.669598E+1
1.673368E+1
1.677242E+1
1.680708E+1
1.684134E+1
1.687195E+1
1.691290E+1
1.693905E+1
1.697494E+1
1.701143E+1
1.704163E+1
1.707487E+1
1.711014E+1
1.714217E+1
1.718147E+1
1.721776E+1
1.725342E+1
1.728545E+1
1.731930E+1
1.734969E+1
1.739001E+1
1.742182E+1
1.745222E+1
1.749214E+1
1.752151E+1
1.754967E+1
1.758636E+1
1.762283E+1
1.765847E+1
1.769311E+1
1.771905E+1
1.775855E+1
1.778630E+1
1.781911E+1
1.785051E+1
1.788432E+1
1.791755E+1
1.794814E+1
1.798782E+1
1.801152E+1
1.804393E+1
1.807632E+1
1.810974E+1
1.814255E+1
1.817556E+1
1.820592E+1
1.824035E+1
1.826544E+1
1.829765E+1
1.833167E+1
1.836284E+1
1.839260E+1
1.842500E+1
1.845799E+1
1.848491E+1
1.851911E+1
1.854201E+1
1.857803E+1
1.861002E+1
1.863955E+1
1.866547E+1
1.869907E+1
1.873266E+1
1.875755E+1
1.878852E+1
1.881502E+1
1.884943E+1
1.887958E+1
1.890609E+1
1.893483E+1
1.896620E+1
1.899817E+1
1.902265E+1
1.904733E+1
1.908698E+1
1.910479E+1
1.914282E+1
1.916933E+1
1.920392E+1
1.923144E+1
1.925470E+1
1.928383E+1
1.931113E+1
1.933541E+1
1.936879E+1
1.939407E+1
1.942784E+1
1.945677E+1
1.947457E+1
1.950207E+1
1.953100E+1
1.955223E+1
1.958338E+1
1.960358E+1
1.962240E+1
1.965171E+1
1.967052E+1
1.968044E+1
1.970390E+1
1.971401E+1
1.972472E+1
1.973260E+1
1.974514E+1
1.974959E+1
1.975788E+1
1.975646E+1
1.976657E+1
1.975708E+1
1.976232E+1
1.976071E+1
1.976232E+1
1.974817E+1
1.974190E+1
1.974029E+1
1.972249E+1
1.971480E+1
1.969823E+1
1.968367E+1
1.966488E+1
1.964808E+1
