 0.000000e+00 	 0.000000e+00 
  1.000000e-03 	 8.936742e-05 
  2.000000e-03 	 3.573264e-04 
  3.000000e-03 	 8.034360e-04 
  4.000000e-03 	 1.426955e-03 
  5.000000e-03 	 2.226847e-03 
  6.000000e-03 	 3.201779e-03 
  7.000000e-03 	 4.350133e-03 
  8.000000e-03 	 5.670008e-03 
  9.000000e-03 	 7.159229e-03 
  1.000000e-02 	 8.815352e-03 
  1.100000e-02 	 1.063568e-02 
  1.200000e-02 	 1.261726e-02 
  1.300000e-02 	 1.475691e-02 
  1.400000e-02 	 1.705122e-02 
  1.500000e-02 	 1.949657e-02 
  1.600000e-02 	 2.208912e-02 
  1.700000e-02 	 2.482487e-02 
  1.800000e-02 	 2.769962e-02 
  1.900000e-02 	 3.070901e-02 
  2.000000e-02 	 3.384857e-02 
  2.100000e-02 	 3.711364e-02 
  2.200000e-02 	 4.049948e-02 
  2.300000e-02 	 4.400124e-02 
  2.400000e-02 	 4.761397e-02 
  2.500000e-02 	 5.133265e-02 
  2.600000e-02 	 5.515220e-02 
  2.700000e-02 	 5.906751e-02 
  2.800000e-02 	 6.307341e-02 
  2.900000e-02 	 6.716473e-02 
  3.000000e-02 	 7.133629e-02 
  3.100000e-02 	 7.558292e-02 
  3.200000e-02 	 7.989949e-02 
  3.300000e-02 	 8.428087e-02 
  3.400000e-02 	 8.872200e-02 
  3.500000e-02 	 9.321789e-02 
  3.600000e-02 	 9.776359e-02 
  3.700000e-02 	 1.023543e-01 
  3.800000e-02 	 1.069851e-01 
  3.900000e-02 	 1.116515e-01 
  4.000000e-02 	 1.163489e-01 
  4.100000e-02 	 1.210729e-01 
  4.200000e-02 	 1.258191e-01 
  4.300000e-02 	 1.305834e-01 
  4.400000e-02 	 1.353617e-01 
  4.500000e-02 	 1.401501e-01 
  4.600000e-02 	 1.449449e-01 
  4.700000e-02 	 1.497426e-01 
  4.800000e-02 	 1.545396e-01 
  4.900000e-02 	 1.593327e-01 
  5.000000e-02 	 1.641187e-01 
  5.100000e-02 	 1.688948e-01 
  5.200000e-02 	 1.736582e-01 
  5.300000e-02 	 1.784062e-01 
  5.400000e-02 	 1.831364e-01 
  5.500000e-02 	 1.878464e-01 
  5.600000e-02 	 1.925343e-01 
  5.700000e-02 	 1.971980e-01 
  5.800000e-02 	 2.018357e-01 
  5.900000e-02 	 2.064458e-01 
  6.000000e-02 	 2.110268e-01 
  6.100000e-02 	 2.155774e-01 
  6.200000e-02 	 2.200965e-01 
  6.300000e-02 	 2.245830e-01 
  6.400000e-02 	 2.290359e-01 
  6.500000e-02 	 2.334546e-01 
  6.600000e-02 	 2.378385e-01 
  6.700000e-02 	 2.421870e-01 
  6.800000e-02 	 2.464998e-01 
  6.900000e-02 	 2.507766e-01 
  7.000000e-02 	 2.550173e-01 
  7.100000e-02 	 2.592219e-01 
  7.200000e-02 	 2.633904e-01 
  7.300000e-02 	 2.675229e-01 
  7.400000e-02 	 2.716197e-01 
  7.500000e-02 	 2.756810e-01 
  7.600000e-02 	 2.797074e-01 
  7.700000e-02 	 2.836992e-01 
  7.800000e-02 	 2.876570e-01 
  7.900000e-02 	 2.915813e-01 
  8.000000e-02 	 2.954727e-01 
  8.100000e-02 	 2.993319e-01 
  8.200000e-02 	 3.031597e-01 
  8.300000e-02 	 3.069567e-01 
  8.400000e-02 	 3.107237e-01 
  8.500000e-02 	 3.144615e-01 
  8.600000e-02 	 3.181709e-01 
  8.700000e-02 	 3.218527e-01 
  8.800000e-02 	 3.255078e-01 
  8.900000e-02 	 3.291370e-01 
  9.000000e-02 	 3.327412e-01 
  9.100000e-02 	 3.363211e-01 
  9.200000e-02 	 3.398777e-01 
  9.300000e-02 	 3.434118e-01 
  9.400000e-02 	 3.469241e-01 
  9.500000e-02 	 3.504155e-01 
  9.600000e-02 	 3.538869e-01 
  9.700000e-02 	 3.573389e-01 
  9.800000e-02 	 3.607723e-01 
  9.900000e-02 	 3.641879e-01 
  1.000000e-01 	 3.675865e-01 
  1.010000e-01 	 3.709686e-01 
  1.020000e-01 	 3.743350e-01 
  1.030000e-01 	 3.776863e-01 
  1.040000e-01 	 3.810231e-01 
  1.050000e-01 	 3.843460e-01 
  1.060000e-01 	 3.876557e-01 
  1.070000e-01 	 3.909525e-01 
  1.080000e-01 	 3.942371e-01 
  1.090000e-01 	 3.975098e-01 
  1.100000e-01 	 4.007711e-01 
  1.110000e-01 	 4.040215e-01 
  1.120000e-01 	 4.072613e-01 
  1.130000e-01 	 4.104908e-01 
  1.140000e-01 	 4.137104e-01 
  1.150000e-01 	 4.169203e-01 
  1.160000e-01 	 4.201209e-01 
  1.170000e-01 	 4.233122e-01 
  1.180000e-01 	 4.264945e-01 
  1.190000e-01 	 4.296679e-01 
  1.200000e-01 	 4.328327e-01 
  1.210000e-01 	 4.359888e-01 
  1.220000e-01 	 4.391364e-01 
  1.230000e-01 	 4.422755e-01 
  1.240000e-01 	 4.454062e-01 
  1.250000e-01 	 4.485285e-01 
  1.260000e-01 	 4.516424e-01 
  1.270000e-01 	 4.547478e-01 
  1.280000e-01 	 4.578447e-01 
  1.290000e-01 	 4.609331e-01 
  1.300000e-01 	 4.640130e-01 
  1.310000e-01 	 4.670842e-01 
  1.320000e-01 	 4.701467e-01 
  1.330000e-01 	 4.732004e-01 
  1.340000e-01 	 4.762452e-01 
  1.350000e-01 	 4.792810e-01 
  1.360000e-01 	 4.823077e-01 
  1.370000e-01 	 4.853254e-01 
  1.380000e-01 	 4.883337e-01 
  1.390000e-01 	 4.913328e-01 
  1.400000e-01 	 4.943225e-01 
  1.410000e-01 	 4.973027e-01 
  1.420000e-01 	 5.002733e-01 
  1.430000e-01 	 5.032344e-01 
  1.440000e-01 	 5.061858e-01 
  1.450000e-01 	 5.091275e-01 
  1.460000e-01 	 5.120595e-01 
  1.470000e-01 	 5.149818e-01 
  1.480000e-01 	 5.178943e-01 
  1.490000e-01 	 5.207970e-01 
  1.500000e-01 	 5.236900e-01 
  1.510000e-01 	 5.265733e-01 
  1.520000e-01 	 5.294469e-01 
  1.530000e-01 	 5.323108e-01 
  1.540000e-01 	 5.351652e-01 
  1.550000e-01 	 5.380101e-01 
  1.560000e-01 	 5.408455e-01 
  1.570000e-01 	 5.436717e-01 
  1.580000e-01 	 5.464886e-01 
  1.590000e-01 	 5.492964e-01 
  1.600000e-01 	 5.520952e-01 
  1.610000e-01 	 5.548852e-01 
  1.620000e-01 	 5.576666e-01 
  1.630000e-01 	 5.604393e-01 
  1.640000e-01 	 5.632037e-01 
  1.650000e-01 	 5.659599e-01 
  1.660000e-01 	 5.687081e-01 
  1.670000e-01 	 5.714485e-01 
  1.680000e-01 	 5.741811e-01 
  1.690000e-01 	 5.769064e-01 
  1.700000e-01 	 5.796243e-01 
  1.710000e-01 	 5.823352e-01 
  1.720000e-01 	 5.850392e-01 
  1.730000e-01 	 5.877366e-01 
  1.740000e-01 	 5.904275e-01 
  1.750000e-01 	 5.931122e-01 
  1.760000e-01 	 5.957909e-01 
  1.770000e-01 	 5.984639e-01 
  1.780000e-01 	 6.011312e-01 
  1.790000e-01 	 6.037932e-01 
  1.800000e-01 	 6.064502e-01 
  1.810000e-01 	 6.091022e-01 
  1.820000e-01 	 6.117496e-01 
  1.830000e-01 	 6.143925e-01 
  1.840000e-01 	 6.170312e-01 
  1.850000e-01 	 6.196660e-01 
  1.860000e-01 	 6.222970e-01 
  1.870000e-01 	 6.249245e-01 
  1.880000e-01 	 6.275486e-01 
  1.890000e-01 	 6.301697e-01 
  1.900000e-01 	 6.327879e-01 
  1.910000e-01 	 6.354035e-01 
  1.920000e-01 	 6.380166e-01 
  1.930000e-01 	 6.406274e-01 
  1.940000e-01 	 6.432362e-01 
  1.950000e-01 	 6.458432e-01 
  1.960000e-01 	 6.484484e-01 
  1.970000e-01 	 6.510522e-01 
  1.980000e-01 	 6.536546e-01 
  1.990000e-01 	 6.562558e-01 
  2.000000e-01 	 6.588561e-01 
  2.010000e-01 	 6.614554e-01 
  2.020000e-01 	 6.640541e-01 
  2.030000e-01 	 6.666521e-01 
  2.040000e-01 	 6.692496e-01 
  2.050000e-01 	 6.718468e-01 
  2.060000e-01 	 6.744437e-01 
  2.070000e-01 	 6.770404e-01 
  2.080000e-01 	 6.796370e-01 
  2.090000e-01 	 6.822336e-01 
  2.100000e-01 	 6.848302e-01 
  2.110000e-01 	 6.874268e-01 
  2.120000e-01 	 6.900236e-01 
  2.130000e-01 	 6.926205e-01 
  2.140000e-01 	 6.952176e-01 
  2.150000e-01 	 6.978149e-01 
  2.160000e-01 	 7.004124e-01 
  2.170000e-01 	 7.030101e-01 
  2.180000e-01 	 7.056079e-01 
  2.190000e-01 	 7.082060e-01 
  2.200000e-01 	 7.108041e-01 
  2.210000e-01 	 7.134024e-01 
  2.220000e-01 	 7.160008e-01 
  2.230000e-01 	 7.185992e-01 
  2.240000e-01 	 7.211975e-01 
  2.250000e-01 	 7.237958e-01 
  2.260000e-01 	 7.263940e-01 
  2.270000e-01 	 7.289919e-01 
  2.280000e-01 	 7.315896e-01 
  2.290000e-01 	 7.341869e-01 
  2.300000e-01 	 7.367838e-01 
  2.310000e-01 	 7.393801e-01 
  2.320000e-01 	 7.419758e-01 
  2.330000e-01 	 7.445709e-01 
  2.340000e-01 	 7.471651e-01 
  2.350000e-01 	 7.497585e-01 
  2.360000e-01 	 7.523508e-01 
  2.370000e-01 	 7.549420e-01 
  2.380000e-01 	 7.575320e-01 
  2.390000e-01 	 7.601207e-01 
  2.400000e-01 	 7.627079e-01 
  2.410000e-01 	 7.652936e-01 
  2.420000e-01 	 7.678776e-01 
  2.430000e-01 	 7.704599e-01 
  2.440000e-01 	 7.730403e-01 
  2.450000e-01 	 7.756186e-01 
  2.460000e-01 	 7.781949e-01 
  2.470000e-01 	 7.807690e-01 
  2.480000e-01 	 7.833408e-01 
  2.490000e-01 	 7.859101e-01 
  2.500000e-01 	 7.884770e-01 
  2.510000e-01 	 7.910413e-01 
  2.520000e-01 	 7.936029e-01 
  2.530000e-01 	 7.961617e-01 
  2.540000e-01 	 7.987177e-01 
  2.550000e-01 	 8.012708e-01 
  2.560000e-01 	 8.038209e-01 
  2.570000e-01 	 8.063680e-01 
  2.580000e-01 	 8.089120e-01 
  2.590000e-01 	 8.114529e-01 
  2.600000e-01 	 8.139906e-01 
  2.610000e-01 	 8.165250e-01 
  2.620000e-01 	 8.190562e-01 
  2.630000e-01 	 8.215840e-01 
  2.640000e-01 	 8.241086e-01 
  2.650000e-01 	 8.266297e-01 
  2.660000e-01 	 8.291474e-01 
  2.670000e-01 	 8.316618e-01 
  2.680000e-01 	 8.341726e-01 
  2.690000e-01 	 8.366800e-01 
  2.700000e-01 	 8.391838e-01 
  2.710000e-01 	 8.416842e-01 
  2.720000e-01 	 8.441809e-01 
  2.730000e-01 	 8.466741e-01 
  2.740000e-01 	 8.491636e-01 
  2.750000e-01 	 8.516495e-01 
  2.760000e-01 	 8.541316e-01 
  2.770000e-01 	 8.566100e-01 
  2.780000e-01 	 8.590847e-01 
  2.790000e-01 	 8.615555e-01 
  2.800000e-01 	 8.640223e-01 
  2.810000e-01 	 8.664853e-01 
  2.820000e-01 	 8.689442e-01 
  2.830000e-01 	 8.713990e-01 
  2.840000e-01 	 8.738496e-01 
  2.850000e-01 	 8.762960e-01 
  2.860000e-01 	 8.787381e-01 
  2.870000e-01 	 8.811757e-01 
  2.880000e-01 	 8.836088e-01 
  2.890000e-01 	 8.860373e-01 
  2.900000e-01 	 8.884611e-01 
  2.910000e-01 	 8.908800e-01 
  2.920000e-01 	 8.932940e-01 
  2.930000e-01 	 8.957029e-01 
  2.940000e-01 	 8.981067e-01 
  2.950000e-01 	 9.005052e-01 
  2.960000e-01 	 9.028984e-01 
  2.970000e-01 	 9.052860e-01 
  2.980000e-01 	 9.076681e-01 
  2.990000e-01 	 9.100444e-01 
  3.000000e-01 	 9.124150e-01 
  3.010000e-01 	 9.147796e-01 
  3.020000e-01 	 9.171383e-01 
  3.030000e-01 	 9.194909e-01 
  3.040000e-01 	 9.218373e-01 
  3.050000e-01 	 9.241776e-01 
  3.060000e-01 	 9.265115e-01 
  3.070000e-01 	 9.288390e-01 
  3.080000e-01 	 9.311602e-01 
  3.090000e-01 	 9.334748e-01 
  3.100000e-01 	 9.357829e-01 
  3.110000e-01 	 9.380845e-01 
  3.120000e-01 	 9.403795e-01 
  3.130000e-01 	 9.426678e-01 
  3.140000e-01 	 9.449495e-01 
  3.150000e-01 	 9.472245e-01 
  3.160000e-01 	 9.494928e-01 
  3.170000e-01 	 9.517544e-01 
  3.180000e-01 	 9.540093e-01 
  3.190000e-01 	 9.562575e-01 
  3.200000e-01 	 9.584991e-01 
  3.210000e-01 	 9.607340e-01 
  3.220000e-01 	 9.629623e-01 
  3.230000e-01 	 9.651840e-01 
  3.240000e-01 	 9.673992e-01 
  3.250000e-01 	 9.696079e-01 
  3.260000e-01 	 9.718101e-01 
  3.270000e-01 	 9.740059e-01 
  3.280000e-01 	 9.761955e-01 
  3.290000e-01 	 9.783788e-01 
  3.300000e-01 	 9.805560e-01 
  3.310000e-01 	 9.827271e-01 
  3.320000e-01 	 9.848923e-01 
  3.330000e-01 	 9.870516e-01 
  3.340000e-01 	 9.892052e-01 
  3.350000e-01 	 9.913532e-01 
  3.360000e-01 	 9.934957e-01 
  3.370000e-01 	 9.956329e-01 
  3.380000e-01 	 9.977648e-01 
  3.390000e-01 	 9.998917e-01 
  3.400000e-01 	 1.002014e+00 
  3.410000e-01 	 1.004131e+00 
  3.420000e-01 	 1.006243e+00 
  3.430000e-01 	 1.008351e+00 
  3.440000e-01 	 1.010455e+00 
  3.450000e-01 	 1.012554e+00 
  3.460000e-01 	 1.014650e+00 
  3.470000e-01 	 1.016742e+00 
  3.480000e-01 	 1.018829e+00 
  3.490000e-01 	 1.020914e+00 
  3.500000e-01 	 1.022995e+00 
  3.510000e-01 	 1.025073e+00 
  3.520000e-01 	 1.027148e+00 
  3.530000e-01 	 1.029220e+00 
  3.540000e-01 	 1.031289e+00 
  3.550000e-01 	 1.033356e+00 
  3.560000e-01 	 1.035420e+00 
  3.570000e-01 	 1.037482e+00 
  3.580000e-01 	 1.039542e+00 
  3.590000e-01 	 1.041600e+00 
  3.600000e-01 	 1.043656e+00 
  3.610000e-01 	 1.045710e+00 
  3.620000e-01 	 1.047763e+00 
  3.630000e-01 	 1.049814e+00 
  3.640000e-01 	 1.051864e+00 
  3.650000e-01 	 1.053913e+00 
  3.660000e-01 	 1.055960e+00 
  3.670000e-01 	 1.058006e+00 
  3.680000e-01 	 1.060052e+00 
  3.690000e-01 	 1.062096e+00 
  3.700000e-01 	 1.064140e+00 
  3.710000e-01 	 1.066183e+00 
  3.720000e-01 	 1.068226e+00 
  3.730000e-01 	 1.070268e+00 
  3.740000e-01 	 1.072309e+00 
  3.750000e-01 	 1.074350e+00 
  3.760000e-01 	 1.076390e+00 
  3.770000e-01 	 1.078430e+00 
  3.780000e-01 	 1.080470e+00 
  3.790000e-01 	 1.082509e+00 
  3.800000e-01 	 1.084548e+00 
  3.810000e-01 	 1.086587e+00 
  3.820000e-01 	 1.088625e+00 
  3.830000e-01 	 1.090664e+00 
  3.840000e-01 	 1.092702e+00 
  3.850000e-01 	 1.094740e+00 
  3.860000e-01 	 1.096778e+00 
  3.870000e-01 	 1.098815e+00 
  3.880000e-01 	 1.100853e+00 
  3.890000e-01 	 1.102891e+00 
  3.900000e-01 	 1.104928e+00 
  3.910000e-01 	 1.106965e+00 
  3.920000e-01 	 1.109003e+00 
  3.930000e-01 	 1.111040e+00 
  3.940000e-01 	 1.113077e+00 
  3.950000e-01 	 1.115114e+00 
  3.960000e-01 	 1.117152e+00 
  3.970000e-01 	 1.119189e+00 
  3.980000e-01 	 1.121227e+00 
  3.990000e-01 	 1.123264e+00 
  4.000000e-01 	 1.125302e+00 
  4.010000e-01 	 1.127340e+00 
  4.020000e-01 	 1.129379e+00 
  4.030000e-01 	 1.131418e+00 
  4.040000e-01 	 1.133457e+00 
  4.050000e-01 	 1.135496e+00 
  4.060000e-01 	 1.137537e+00 
  4.070000e-01 	 1.139578e+00 
  4.080000e-01 	 1.141619e+00 
  4.090000e-01 	 1.143661e+00 
  4.100000e-01 	 1.145704e+00 
  4.110000e-01 	 1.147748e+00 
  4.120000e-01 	 1.149793e+00 
  4.130000e-01 	 1.151839e+00 
  4.140000e-01 	 1.153886e+00 
  4.150000e-01 	 1.155935e+00 
  4.160000e-01 	 1.157984e+00 
  4.170000e-01 	 1.160036e+00 
  4.180000e-01 	 1.162088e+00 
  4.190000e-01 	 1.164142e+00 
  4.200000e-01 	 1.166198e+00 
  4.210000e-01 	 1.168255e+00 
  4.220000e-01 	 1.170314e+00 
  4.230000e-01 	 1.172375e+00 
  4.240000e-01 	 1.174437e+00 
  4.250000e-01 	 1.176502e+00 
  4.260000e-01 	 1.178568e+00 
  4.270000e-01 	 1.180637e+00 
  4.280000e-01 	 1.182707e+00 
  4.290000e-01 	 1.184780e+00 
  4.300000e-01 	 1.186854e+00 
  4.310000e-01 	 1.188931e+00 
  4.320000e-01 	 1.191010e+00 
  4.330000e-01 	 1.193090e+00 
  4.340000e-01 	 1.195173e+00 
  4.350000e-01 	 1.197258e+00 
  4.360000e-01 	 1.199346e+00 
  4.370000e-01 	 1.201435e+00 
  4.380000e-01 	 1.203526e+00 
  4.390000e-01 	 1.205619e+00 
  4.400000e-01 	 1.207714e+00 
  4.410000e-01 	 1.209811e+00 
  4.420000e-01 	 1.211909e+00 
  4.430000e-01 	 1.214010e+00 
  4.440000e-01 	 1.216112e+00 
  4.450000e-01 	 1.218216e+00 
  4.460000e-01 	 1.220321e+00 
  4.470000e-01 	 1.222428e+00 
  4.480000e-01 	 1.224536e+00 
  4.490000e-01 	 1.226646e+00 
  4.500000e-01 	 1.228757e+00 
  4.510000e-01 	 1.230870e+00 
  4.520000e-01 	 1.232983e+00 
  4.530000e-01 	 1.235098e+00 
  4.540000e-01 	 1.237214e+00 
  4.550000e-01 	 1.239331e+00 
  4.560000e-01 	 1.241449e+00 
  4.570000e-01 	 1.243568e+00 
  4.580000e-01 	 1.245687e+00 
  4.590000e-01 	 1.247808e+00 
  4.600000e-01 	 1.249929e+00 
  4.610000e-01 	 1.252051e+00 
  4.620000e-01 	 1.254173e+00 
  4.630000e-01 	 1.256296e+00 
  4.640000e-01 	 1.258419e+00 
  4.650000e-01 	 1.260543e+00 
  4.660000e-01 	 1.262666e+00 
  4.670000e-01 	 1.264790e+00 
  4.680000e-01 	 1.266914e+00 
  4.690000e-01 	 1.269038e+00 
  4.700000e-01 	 1.271162e+00 
  4.710000e-01 	 1.273285e+00 
  4.720000e-01 	 1.275408e+00 
  4.730000e-01 	 1.277531e+00 
  4.740000e-01 	 1.279653e+00 
  4.750000e-01 	 1.281774e+00 
  4.760000e-01 	 1.283894e+00 
  4.770000e-01 	 1.286013e+00 
  4.780000e-01 	 1.288132e+00 
  4.790000e-01 	 1.290248e+00 
  4.800000e-01 	 1.292364e+00 
  4.810000e-01 	 1.294478e+00 
  4.820000e-01 	 1.296590e+00 
  4.830000e-01 	 1.298701e+00 
  4.840000e-01 	 1.300810e+00 
  4.850000e-01 	 1.302917e+00 
  4.860000e-01 	 1.305022e+00 
  4.870000e-01 	 1.307124e+00 
  4.880000e-01 	 1.309225e+00 
  4.890000e-01 	 1.311322e+00 
  4.900000e-01 	 1.313418e+00 
  4.910000e-01 	 1.315511e+00 
  4.920000e-01 	 1.317601e+00 
  4.930000e-01 	 1.319688e+00 
  4.940000e-01 	 1.321773e+00 
  4.950000e-01 	 1.323855e+00 
  4.960000e-01 	 1.325934e+00 
  4.970000e-01 	 1.328010e+00 
  4.980000e-01 	 1.330083e+00 
  4.990000e-01 	 1.332152e+00 
  5.000000e-01 	 1.334219e+00 
  5.010000e-01 	 1.336283e+00 
  5.020000e-01 	 1.338343e+00 
  5.030000e-01 	 1.340400e+00 
  5.040000e-01 	 1.342454e+00 
  5.050000e-01 	 1.344504e+00 
  5.060000e-01 	 1.346552e+00 
  5.070000e-01 	 1.348596e+00 
  5.080000e-01 	 1.350637e+00 
  5.090000e-01 	 1.352674e+00 
  5.100000e-01 	 1.354709e+00 
  5.110000e-01 	 1.356740e+00 
  5.120000e-01 	 1.358767e+00 
  5.130000e-01 	 1.360792e+00 
  5.140000e-01 	 1.362813e+00 
  5.150000e-01 	 1.364831e+00 
  5.160000e-01 	 1.366846e+00 
  5.170000e-01 	 1.368857e+00 
  5.180000e-01 	 1.370866e+00 
  5.190000e-01 	 1.372871e+00 
  5.200000e-01 	 1.374873e+00 
  5.210000e-01 	 1.376871e+00 
  5.220000e-01 	 1.378867e+00 
  5.230000e-01 	 1.380859e+00 
  5.240000e-01 	 1.382848e+00 
  5.250000e-01 	 1.384834e+00 
  5.260000e-01 	 1.386816e+00 
  5.270000e-01 	 1.388795e+00 
  5.280000e-01 	 1.390771e+00 
  5.290000e-01 	 1.392744e+00 
  5.300000e-01 	 1.394713e+00 
  5.310000e-01 	 1.396679e+00 
  5.320000e-01 	 1.398642e+00 
  5.330000e-01 	 1.400602e+00 
  5.340000e-01 	 1.402558e+00 
  5.350000e-01 	 1.404512e+00 
  5.360000e-01 	 1.406461e+00 
  5.370000e-01 	 1.408408e+00 
  5.380000e-01 	 1.410352e+00 
  5.390000e-01 	 1.412292e+00 
  5.400000e-01 	 1.414230e+00 
  5.410000e-01 	 1.416164e+00 
  5.420000e-01 	 1.418095e+00 
  5.430000e-01 	 1.420023e+00 
  5.440000e-01 	 1.421949e+00 
  5.450000e-01 	 1.423871e+00 
  5.460000e-01 	 1.425791e+00 
  5.470000e-01 	 1.427708e+00 
  5.480000e-01 	 1.429622e+00 
  5.490000e-01 	 1.431534e+00 
  5.500000e-01 	 1.433443e+00 
  5.510000e-01 	 1.435349e+00 
  5.520000e-01 	 1.437253e+00 
  5.530000e-01 	 1.439155e+00 
  5.540000e-01 	 1.441054e+00 
  5.550000e-01 	 1.442950e+00 
  5.560000e-01 	 1.444845e+00 
  5.570000e-01 	 1.446737e+00 
  5.580000e-01 	 1.448627e+00 
  5.590000e-01 	 1.450515e+00 
  5.600000e-01 	 1.452401e+00 
  5.610000e-01 	 1.454285e+00 
  5.620000e-01 	 1.456166e+00 
  5.630000e-01 	 1.458045e+00 
  5.640000e-01 	 1.459923e+00 
  5.650000e-01 	 1.461798e+00 
  5.660000e-01 	 1.463671e+00 
  5.670000e-01 	 1.465542e+00 
  5.680000e-01 	 1.467411e+00 
  5.690000e-01 	 1.469277e+00 
  5.700000e-01 	 1.471142e+00 
  5.710000e-01 	 1.473004e+00 
  5.720000e-01 	 1.474864e+00 
  5.730000e-01 	 1.476722e+00 
  5.740000e-01 	 1.478577e+00 
  5.750000e-01 	 1.480430e+00 
  5.760000e-01 	 1.482280e+00 
  5.770000e-01 	 1.484128e+00 
  5.780000e-01 	 1.485973e+00 
  5.790000e-01 	 1.487815e+00 
  5.800000e-01 	 1.489655e+00 
  5.810000e-01 	 1.491492e+00 
  5.820000e-01 	 1.493326e+00 
  5.830000e-01 	 1.495157e+00 
  5.840000e-01 	 1.496985e+00 
  5.850000e-01 	 1.498810e+00 
  5.860000e-01 	 1.500631e+00 
  5.870000e-01 	 1.502450e+00 
  5.880000e-01 	 1.504265e+00 
  5.890000e-01 	 1.506077e+00 
  5.900000e-01 	 1.507886e+00 
  5.910000e-01 	 1.509691e+00 
  5.920000e-01 	 1.511493e+00 
  5.930000e-01 	 1.513291e+00 
  5.940000e-01 	 1.515086e+00 
  5.950000e-01 	 1.516877e+00 
  5.960000e-01 	 1.518665e+00 
  5.970000e-01 	 1.520449e+00 
  5.980000e-01 	 1.522229e+00 
  5.990000e-01 	 1.524007e+00 
  6.000000e-01 	 1.525780e+00 
  6.010000e-01 	 1.527550e+00 
  6.020000e-01 	 1.529317e+00 
  6.030000e-01 	 1.531080e+00 
  6.040000e-01 	 1.532840e+00 
  6.050000e-01 	 1.534596e+00 
  6.060000e-01 	 1.536350e+00 
  6.070000e-01 	 1.538100e+00 
  6.080000e-01 	 1.539847e+00 
  6.090000e-01 	 1.541590e+00 
  6.100000e-01 	 1.543331e+00 
  6.110000e-01 	 1.545069e+00 
  6.120000e-01 	 1.546804e+00 
  6.130000e-01 	 1.548537e+00 
  6.140000e-01 	 1.550267e+00 
  6.150000e-01 	 1.551994e+00 
  6.160000e-01 	 1.553719e+00 
  6.170000e-01 	 1.555442e+00 
  6.180000e-01 	 1.557163e+00 
  6.190000e-01 	 1.558882e+00 
  6.200000e-01 	 1.560599e+00 
  6.210000e-01 	 1.562314e+00 
  6.220000e-01 	 1.564028e+00 
  6.230000e-01 	 1.565741e+00 
  6.240000e-01 	 1.567452e+00 
  6.250000e-01 	 1.569163e+00 
  6.260000e-01 	 1.570872e+00 
  6.270000e-01 	 1.572580e+00 
  6.280000e-01 	 1.574288e+00 
  6.290000e-01 	 1.575995e+00 
  6.300000e-01 	 1.577702e+00 
  6.310000e-01 	 1.579409e+00 
  6.320000e-01 	 1.581115e+00 
  6.330000e-01 	 1.582822e+00 
  6.340000e-01 	 1.584528e+00 
  6.350000e-01 	 1.586235e+00 
  6.360000e-01 	 1.587942e+00 
  6.370000e-01 	 1.589650e+00 
  6.380000e-01 	 1.591358e+00 
  6.390000e-01 	 1.593067e+00 
  6.400000e-01 	 1.594777e+00 
  6.410000e-01 	 1.596488e+00 
  6.420000e-01 	 1.598200e+00 
  6.430000e-01 	 1.599913e+00 
  6.440000e-01 	 1.601628e+00 
  6.450000e-01 	 1.603343e+00 
  6.460000e-01 	 1.605060e+00 
  6.470000e-01 	 1.606779e+00 
  6.480000e-01 	 1.608499e+00 
  6.490000e-01 	 1.610221e+00 
  6.500000e-01 	 1.611945e+00 
  6.510000e-01 	 1.613670e+00 
  6.520000e-01 	 1.615397e+00 
  6.530000e-01 	 1.617126e+00 
  6.540000e-01 	 1.618858e+00 
  6.550000e-01 	 1.620591e+00 
  6.560000e-01 	 1.622326e+00 
  6.570000e-01 	 1.624064e+00 
  6.580000e-01 	 1.625803e+00 
  6.590000e-01 	 1.627545e+00 
  6.600000e-01 	 1.629289e+00 
  6.610000e-01 	 1.631035e+00 
  6.620000e-01 	 1.632783e+00 
  6.630000e-01 	 1.634534e+00 
  6.640000e-01 	 1.636287e+00 
  6.650000e-01 	 1.638042e+00 
  6.660000e-01 	 1.639799e+00 
  6.670000e-01 	 1.641558e+00 
  6.680000e-01 	 1.643320e+00 
  6.690000e-01 	 1.645083e+00 
  6.700000e-01 	 1.646849e+00 
  6.710000e-01 	 1.648616e+00 
  6.720000e-01 	 1.650386e+00 
  6.730000e-01 	 1.652157e+00 
  6.740000e-01 	 1.653930e+00 
  6.750000e-01 	 1.655705e+00 
  6.760000e-01 	 1.657481e+00 
  6.770000e-01 	 1.659259e+00 
  6.780000e-01 	 1.661039e+00 
  6.790000e-01 	 1.662820e+00 
  6.800000e-01 	 1.664603e+00 
  6.810000e-01 	 1.666387e+00 
  6.820000e-01 	 1.668172e+00 
  6.830000e-01 	 1.669959e+00 
  6.840000e-01 	 1.671746e+00 
  6.850000e-01 	 1.673535e+00 
  6.860000e-01 	 1.675325e+00 
  6.870000e-01 	 1.677117e+00 
  6.880000e-01 	 1.678909e+00 
  6.890000e-01 	 1.680702e+00 
  6.900000e-01 	 1.682496e+00 
  6.910000e-01 	 1.684291e+00 
  6.920000e-01 	 1.686088e+00 
  6.930000e-01 	 1.687885e+00 
  6.940000e-01 	 1.689683e+00 
  6.950000e-01 	 1.691482e+00 
  6.960000e-01 	 1.693282e+00 
  6.970000e-01 	 1.695083e+00 
  6.980000e-01 	 1.696885e+00 
  6.990000e-01 	 1.698688e+00 
  7.000000e-01 	 1.700492e+00 
  7.010000e-01 	 1.702297e+00 
  7.020000e-01 	 1.704103e+00 
  7.030000e-01 	 1.705910e+00 
  7.040000e-01 	 1.707718e+00 
  7.050000e-01 	 1.709528e+00 
  7.060000e-01 	 1.711338e+00 
  7.070000e-01 	 1.713150e+00 
  7.080000e-01 	 1.714963e+00 
  7.090000e-01 	 1.716778e+00 
  7.100000e-01 	 1.718594e+00 
  7.110000e-01 	 1.720411e+00 
  7.120000e-01 	 1.722230e+00 
  7.130000e-01 	 1.724051e+00 
  7.140000e-01 	 1.725873e+00 
  7.150000e-01 	 1.727697e+00 
  7.160000e-01 	 1.729523e+00 
  7.170000e-01 	 1.731350e+00 
  7.180000e-01 	 1.733179e+00 
  7.190000e-01 	 1.735011e+00 
  7.200000e-01 	 1.736844e+00 
  7.210000e-01 	 1.738679e+00 
  7.220000e-01 	 1.740517e+00 
  7.230000e-01 	 1.742357e+00 
  7.240000e-01 	 1.744199e+00 
  7.250000e-01 	 1.746043e+00 
  7.260000e-01 	 1.747889e+00 
  7.270000e-01 	 1.749739e+00 
  7.280000e-01 	 1.751590e+00 
  7.290000e-01 	 1.753444e+00 
  7.300000e-01 	 1.755301e+00 
  7.310000e-01 	 1.757160e+00 
  7.320000e-01 	 1.759022e+00 
  7.330000e-01 	 1.760886e+00 
  7.340000e-01 	 1.762753e+00 
  7.350000e-01 	 1.764623e+00 
  7.360000e-01 	 1.766496e+00 
  7.370000e-01 	 1.768372e+00 
  7.380000e-01 	 1.770250e+00 
  7.390000e-01 	 1.772132e+00 
  7.400000e-01 	 1.774016e+00 
  7.410000e-01 	 1.775903e+00 
  7.420000e-01 	 1.777793e+00 
  7.430000e-01 	 1.779686e+00 
  7.440000e-01 	 1.781581e+00 
  7.450000e-01 	 1.783480e+00 
  7.460000e-01 	 1.785382e+00 
  7.470000e-01 	 1.787287e+00 
  7.480000e-01 	 1.789194e+00 
  7.490000e-01 	 1.791105e+00 
  7.500000e-01 	 1.793018e+00 
  7.510000e-01 	 1.794934e+00 
  7.520000e-01 	 1.796853e+00 
  7.530000e-01 	 1.798775e+00 
  7.540000e-01 	 1.800700e+00 
  7.550000e-01 	 1.802627e+00 
  7.560000e-01 	 1.804558e+00 
  7.570000e-01 	 1.806491e+00 
  7.580000e-01 	 1.808426e+00 
  7.590000e-01 	 1.810364e+00 
  7.600000e-01 	 1.812305e+00 
  7.610000e-01 	 1.814248e+00 
  7.620000e-01 	 1.816194e+00 
  7.630000e-01 	 1.818141e+00 
  7.640000e-01 	 1.820092e+00 
  7.650000e-01 	 1.822044e+00 
  7.660000e-01 	 1.823999e+00 
  7.670000e-01 	 1.825955e+00 
  7.680000e-01 	 1.827914e+00 
  7.690000e-01 	 1.829875e+00 
  7.700000e-01 	 1.831837e+00 
  7.710000e-01 	 1.833801e+00 
  7.720000e-01 	 1.835767e+00 
  7.730000e-01 	 1.837735e+00 
  7.740000e-01 	 1.839704e+00 
  7.750000e-01 	 1.841674e+00 
  7.760000e-01 	 1.843646e+00 
  7.770000e-01 	 1.845619e+00 
  7.780000e-01 	 1.847594e+00 
  7.790000e-01 	 1.849569e+00 
  7.800000e-01 	 1.851545e+00 
  7.810000e-01 	 1.853523e+00 
  7.820000e-01 	 1.855501e+00 
  7.830000e-01 	 1.857480e+00 
  7.840000e-01 	 1.859459e+00 
  7.850000e-01 	 1.861440e+00 
  7.860000e-01 	 1.863420e+00 
  7.870000e-01 	 1.865401e+00 
  7.880000e-01 	 1.867382e+00 
  7.890000e-01 	 1.869364e+00 
  7.900000e-01 	 1.871346e+00 
  7.910000e-01 	 1.873327e+00 
  7.920000e-01 	 1.875309e+00 
  7.930000e-01 	 1.877290e+00 
  7.940000e-01 	 1.879271e+00 
  7.950000e-01 	 1.881251e+00 
  7.960000e-01 	 1.883231e+00 
  7.970000e-01 	 1.885211e+00 
  7.980000e-01 	 1.887189e+00 
  7.990000e-01 	 1.889167e+00 
  8.000000e-01 	 1.891144e+00 
  8.010000e-01 	 1.893119e+00 
  8.020000e-01 	 1.895093e+00 
  8.030000e-01 	 1.897066e+00 
  8.040000e-01 	 1.899038e+00 
  8.050000e-01 	 1.901008e+00 
  8.060000e-01 	 1.902976e+00 
  8.070000e-01 	 1.904942e+00 
  8.080000e-01 	 1.906906e+00 
  8.090000e-01 	 1.908868e+00 
  8.100000e-01 	 1.910829e+00 
  8.110000e-01 	 1.912786e+00 
  8.120000e-01 	 1.914742e+00 
  8.130000e-01 	 1.916695e+00 
  8.140000e-01 	 1.918646e+00 
  8.150000e-01 	 1.920594e+00 
  8.160000e-01 	 1.922539e+00 
  8.170000e-01 	 1.924482e+00 
  8.180000e-01 	 1.926422e+00 
  8.190000e-01 	 1.928359e+00 
  8.200000e-01 	 1.930294e+00 
  8.210000e-01 	 1.932226e+00 
  8.220000e-01 	 1.934155e+00 
  8.230000e-01 	 1.936081e+00 
  8.240000e-01 	 1.938005e+00 
  8.250000e-01 	 1.939926e+00 
  8.260000e-01 	 1.941844e+00 
  8.270000e-01 	 1.943760e+00 
  8.280000e-01 	 1.945673e+00 
  8.290000e-01 	 1.947583e+00 
  8.300000e-01 	 1.949491e+00 
  8.310000e-01 	 1.951396e+00 
  8.320000e-01 	 1.953299e+00 
  8.330000e-01 	 1.955199e+00 
  8.340000e-01 	 1.957098e+00 
  8.350000e-01 	 1.958994e+00 
  8.360000e-01 	 1.960888e+00 
  8.370000e-01 	 1.962779e+00 
  8.380000e-01 	 1.964669e+00 
  8.390000e-01 	 1.966557e+00 
  8.400000e-01 	 1.968443e+00 
  8.410000e-01 	 1.970327e+00 
  8.420000e-01 	 1.972210e+00 
  8.430000e-01 	 1.974091e+00 
  8.440000e-01 	 1.975970e+00 
  8.450000e-01 	 1.977849e+00 
  8.460000e-01 	 1.979725e+00 
  8.470000e-01 	 1.981601e+00 
  8.480000e-01 	 1.983475e+00 
  8.490000e-01 	 1.985348e+00 
  8.500000e-01 	 1.987220e+00 
  8.510000e-01 	 1.989091e+00 
  8.520000e-01 	 1.990961e+00 
  8.530000e-01 	 1.992830e+00 
  8.540000e-01 	 1.994698e+00 
  8.550000e-01 	 1.996566e+00 
  8.560000e-01 	 1.998433e+00 
  8.570000e-01 	 2.000300e+00 
  8.580000e-01 	 2.002166e+00 
  8.590000e-01 	 2.004032e+00 
  8.600000e-01 	 2.005897e+00 
  8.610000e-01 	 2.007763e+00 
  8.620000e-01 	 2.009628e+00 
  8.630000e-01 	 2.011493e+00 
  8.640000e-01 	 2.013358e+00 
  8.650000e-01 	 2.015223e+00 
  8.660000e-01 	 2.017088e+00 
  8.670000e-01 	 2.018953e+00 
  8.680000e-01 	 2.020819e+00 
  8.690000e-01 	 2.022685e+00 
  8.700000e-01 	 2.024552e+00 
  8.710000e-01 	 2.026420e+00 
  8.720000e-01 	 2.028287e+00 
  8.730000e-01 	 2.030156e+00 
  8.740000e-01 	 2.032026e+00 
  8.750000e-01 	 2.033896e+00 
  8.760000e-01 	 2.035768e+00 
  8.770000e-01 	 2.037640e+00 
  8.780000e-01 	 2.039514e+00 
  8.790000e-01 	 2.041389e+00 
  8.800000e-01 	 2.043265e+00 
  8.810000e-01 	 2.045143e+00 
  8.820000e-01 	 2.047022e+00 
  8.830000e-01 	 2.048902e+00 
  8.840000e-01 	 2.050785e+00 
  8.850000e-01 	 2.052668e+00 
  8.860000e-01 	 2.054554e+00 
  8.870000e-01 	 2.056441e+00 
  8.880000e-01 	 2.058330e+00 
  8.890000e-01 	 2.060221e+00 
  8.900000e-01 	 2.062114e+00 
  8.910000e-01 	 2.064009e+00 
  8.920000e-01 	 2.065905e+00 
  8.930000e-01 	 2.067804e+00 
  8.940000e-01 	 2.069705e+00 
  8.950000e-01 	 2.071608e+00 
  8.960000e-01 	 2.073513e+00 
  8.970000e-01 	 2.075419e+00 
  8.980000e-01 	 2.077328e+00 
  8.990000e-01 	 2.079239e+00 
  9.000000e-01 	 2.081152e+00 
  9.010000e-01 	 2.083068e+00 
  9.020000e-01 	 2.084985e+00 
  9.030000e-01 	 2.086904e+00 
  9.040000e-01 	 2.088824e+00 
  9.050000e-01 	 2.090747e+00 
  9.060000e-01 	 2.092672e+00 
  9.070000e-01 	 2.094598e+00 
  9.080000e-01 	 2.096525e+00 
  9.090000e-01 	 2.098455e+00 
  9.100000e-01 	 2.100385e+00 
  9.110000e-01 	 2.102317e+00 
  9.120000e-01 	 2.104251e+00 
  9.130000e-01 	 2.106185e+00 
  9.140000e-01 	 2.108120e+00 
  9.150000e-01 	 2.110056e+00 
  9.160000e-01 	 2.111992e+00 
  9.170000e-01 	 2.113929e+00 
  9.180000e-01 	 2.115866e+00 
  9.190000e-01 	 2.117803e+00 
  9.200000e-01 	 2.119740e+00 
  9.210000e-01 	 2.121677e+00 
  9.220000e-01 	 2.123614e+00 
  9.230000e-01 	 2.125549e+00 
  9.240000e-01 	 2.127484e+00 
  9.250000e-01 	 2.129418e+00 
  9.260000e-01 	 2.131351e+00 
  9.270000e-01 	 2.133282e+00 
  9.280000e-01 	 2.135211e+00 
  9.290000e-01 	 2.137139e+00 
  9.300000e-01 	 2.139064e+00 
  9.310000e-01 	 2.140988e+00 
  9.320000e-01 	 2.142909e+00 
  9.330000e-01 	 2.144827e+00 
  9.340000e-01 	 2.146743e+00 
  9.350000e-01 	 2.148656e+00 
  9.360000e-01 	 2.150565e+00 
  9.370000e-01 	 2.152471e+00 
  9.380000e-01 	 2.154374e+00 
  9.390000e-01 	 2.156273e+00 
  9.400000e-01 	 2.158169e+00 
  9.410000e-01 	 2.160061e+00 
  9.420000e-01 	 2.161949e+00 
  9.430000e-01 	 2.163832e+00 
  9.440000e-01 	 2.165712e+00 
  9.450000e-01 	 2.167587e+00 
  9.460000e-01 	 2.169458e+00 
  9.470000e-01 	 2.171324e+00 
  9.480000e-01 	 2.173186e+00 
  9.490000e-01 	 2.175044e+00 
  9.500000e-01 	 2.176897e+00 
  9.510000e-01 	 2.178745e+00 
  9.520000e-01 	 2.180588e+00 
  9.530000e-01 	 2.182427e+00 
  9.540000e-01 	 2.184260e+00 
  9.550000e-01 	 2.186089e+00 
  9.560000e-01 	 2.187914e+00 
  9.570000e-01 	 2.189733e+00 
  9.580000e-01 	 2.191547e+00 
  9.590000e-01 	 2.193357e+00 
  9.600000e-01 	 2.195161e+00 
  9.610000e-01 	 2.196961e+00 
  9.620000e-01 	 2.198756e+00 
  9.630000e-01 	 2.200546e+00 
  9.640000e-01 	 2.202332e+00 
  9.650000e-01 	 2.204112e+00 
  9.660000e-01 	 2.205888e+00 
  9.670000e-01 	 2.207659e+00 
  9.680000e-01 	 2.209425e+00 
  9.690000e-01 	 2.211187e+00 
  9.700000e-01 	 2.212944e+00 
  9.710000e-01 	 2.214696e+00 
  9.720000e-01 	 2.216444e+00 
  9.730000e-01 	 2.218187e+00 
  9.740000e-01 	 2.219926e+00 
  9.750000e-01 	 2.221661e+00 
  9.760000e-01 	 2.223392e+00 
  9.770000e-01 	 2.225118e+00 
  9.780000e-01 	 2.226841e+00 
  9.790000e-01 	 2.228559e+00 
  9.800000e-01 	 2.230274e+00 
  9.810000e-01 	 2.231985e+00 
  9.820000e-01 	 2.233692e+00 
  9.830000e-01 	 2.235396e+00 
  9.840000e-01 	 2.237097e+00 
  9.850000e-01 	 2.238794e+00 
  9.860000e-01 	 2.240488e+00 
  9.870000e-01 	 2.242180e+00 
  9.880000e-01 	 2.243868e+00 
  9.890000e-01 	 2.245554e+00 
  9.900000e-01 	 2.247237e+00 
  9.910000e-01 	 2.248918e+00 
  9.920000e-01 	 2.250597e+00 
  9.930000e-01 	 2.252274e+00 
  9.940000e-01 	 2.253949e+00 
  9.950000e-01 	 2.255622e+00 
  9.960000e-01 	 2.257293e+00 
  9.970000e-01 	 2.258962e+00 
  9.980000e-01 	 2.260631e+00 
  9.990000e-01 	 2.262298e+00 
  1.000000e+00 	 2.263964e+00 
  1.001000e+00 	 2.265629e+00 
  1.002000e+00 	 2.267293e+00 
  1.003000e+00 	 2.268956e+00 
  1.004000e+00 	 2.270619e+00 
  1.005000e+00 	 2.272281e+00 
  1.006000e+00 	 2.273942e+00 
  1.007000e+00 	 2.275604e+00 
  1.008000e+00 	 2.277265e+00 
  1.009000e+00 	 2.278926e+00 
  1.010000e+00 	 2.280586e+00 
  1.011000e+00 	 2.282247e+00 
  1.012000e+00 	 2.283908e+00 
  1.013000e+00 	 2.285569e+00 
  1.014000e+00 	 2.287230e+00 
  1.015000e+00 	 2.288892e+00 
  1.016000e+00 	 2.290554e+00 
  1.017000e+00 	 2.292216e+00 
  1.018000e+00 	 2.293879e+00 
  1.019000e+00 	 2.295542e+00 
  1.020000e+00 	 2.297206e+00 
  1.021000e+00 	 2.298871e+00 
  1.022000e+00 	 2.300536e+00 
  1.023000e+00 	 2.302201e+00 
 