 0.000000e+00 	 0.000000e+00 
  1.000000e-03 	 7.172118e-05 
  2.000000e-03 	 2.867589e-04 
  3.000000e-03 	 6.447221e-04 
  4.000000e-03 	 1.144951e-03 
  5.000000e-03 	 1.786520e-03 
  6.000000e-03 	 2.568240e-03 
  7.000000e-03 	 3.488661e-03 
  8.000000e-03 	 4.546082e-03 
  9.000000e-03 	 5.738548e-03 
  1.000000e-02 	 7.063864e-03 
  1.100000e-02 	 8.519598e-03 
  1.200000e-02 	 1.010309e-02 
  1.300000e-02 	 1.181145e-02 
  1.400000e-02 	 1.364159e-02 
  1.500000e-02 	 1.559022e-02 
  1.600000e-02 	 1.765383e-02 
  1.700000e-02 	 1.982876e-02 
  1.800000e-02 	 2.211116e-02 
  1.900000e-02 	 2.449702e-02 
  2.000000e-02 	 2.698218e-02 
  2.100000e-02 	 2.956233e-02 
  2.200000e-02 	 3.223305e-02 
  2.300000e-02 	 3.498980e-02 
  2.400000e-02 	 3.782792e-02 
  2.500000e-02 	 4.074268e-02 
  2.600000e-02 	 4.372924e-02 
  2.700000e-02 	 4.678272e-02 
  2.800000e-02 	 4.989817e-02 
  2.900000e-02 	 5.307058e-02 
  3.000000e-02 	 5.629494e-02 
  3.100000e-02 	 5.956619e-02 
  3.200000e-02 	 6.287927e-02 
  3.300000e-02 	 6.622912e-02 
  3.400000e-02 	 6.961069e-02 
  3.500000e-02 	 7.301895e-02 
  3.600000e-02 	 7.644892e-02 
  3.700000e-02 	 7.989565e-02 
  3.800000e-02 	 8.335423e-02 
  3.900000e-02 	 8.681984e-02 
  4.000000e-02 	 9.028773e-02 
  4.100000e-02 	 9.375322e-02 
  4.200000e-02 	 9.721173e-02 
  4.300000e-02 	 1.006588e-01 
  4.400000e-02 	 1.040900e-01 
  4.500000e-02 	 1.075011e-01 
  4.600000e-02 	 1.108880e-01 
  4.700000e-02 	 1.142467e-01 
  4.800000e-02 	 1.175732e-01 
  4.900000e-02 	 1.208640e-01 
  5.000000e-02 	 1.241153e-01 
  5.100000e-02 	 1.273238e-01 
  5.200000e-02 	 1.304862e-01 
  5.300000e-02 	 1.335994e-01 
  5.400000e-02 	 1.366603e-01 
  5.500000e-02 	 1.396664e-01 
  5.600000e-02 	 1.426148e-01 
  5.700000e-02 	 1.455032e-01 
  5.800000e-02 	 1.483292e-01 
  5.900000e-02 	 1.510909e-01 
  6.000000e-02 	 1.537861e-01 
  6.100000e-02 	 1.564131e-01 
  6.200000e-02 	 1.589703e-01 
  6.300000e-02 	 1.614563e-01 
  6.400000e-02 	 1.638698e-01 
  6.500000e-02 	 1.662096e-01 
  6.600000e-02 	 1.684748e-01 
  6.700000e-02 	 1.706645e-01 
  6.800000e-02 	 1.727782e-01 
  6.900000e-02 	 1.748153e-01 
  7.000000e-02 	 1.767754e-01 
  7.100000e-02 	 1.786584e-01 
  7.200000e-02 	 1.804641e-01 
  7.300000e-02 	 1.821927e-01 
  7.400000e-02 	 1.838442e-01 
  7.500000e-02 	 1.854191e-01 
  7.600000e-02 	 1.869178e-01 
  7.700000e-02 	 1.883407e-01 
  7.800000e-02 	 1.896886e-01 
  7.900000e-02 	 1.909623e-01 
  8.000000e-02 	 1.921625e-01 
  8.100000e-02 	 1.932903e-01 
  8.200000e-02 	 1.943467e-01 
  8.300000e-02 	 1.953329e-01 
  8.400000e-02 	 1.962500e-01 
  8.500000e-02 	 1.970993e-01 
  8.600000e-02 	 1.978823e-01 
  8.700000e-02 	 1.986003e-01 
  8.800000e-02 	 1.992547e-01 
  8.900000e-02 	 1.998472e-01 
  9.000000e-02 	 2.003793e-01 
  9.100000e-02 	 2.008526e-01 
  9.200000e-02 	 2.012688e-01 
  9.300000e-02 	 2.016295e-01 
  9.400000e-02 	 2.019364e-01 
  9.500000e-02 	 2.021914e-01 
  9.600000e-02 	 2.023960e-01 
  9.700000e-02 	 2.025521e-01 
  9.800000e-02 	 2.026614e-01 
  9.900000e-02 	 2.027257e-01 
  1.000000e-01 	 2.027467e-01 
  1.010000e-01 	 2.027263e-01 
  1.020000e-01 	 2.026660e-01 
  1.030000e-01 	 2.025676e-01 
  1.040000e-01 	 2.024329e-01 
  1.050000e-01 	 2.022635e-01 
  1.060000e-01 	 2.020611e-01 
  1.070000e-01 	 2.018272e-01 
  1.080000e-01 	 2.015635e-01 
  1.090000e-01 	 2.012715e-01 
  1.100000e-01 	 2.009526e-01 
  1.110000e-01 	 2.006085e-01 
  1.120000e-01 	 2.002404e-01 
  1.130000e-01 	 1.998497e-01 
  1.140000e-01 	 1.994379e-01 
  1.150000e-01 	 1.990061e-01 
  1.160000e-01 	 1.985555e-01 
  1.170000e-01 	 1.980873e-01 
  1.180000e-01 	 1.976027e-01 
  1.190000e-01 	 1.971027e-01 
  1.200000e-01 	 1.965883e-01 
  1.210000e-01 	 1.960604e-01 
  1.220000e-01 	 1.955199e-01 
  1.230000e-01 	 1.949676e-01 
  1.240000e-01 	 1.944045e-01 
  1.250000e-01 	 1.938310e-01 
  1.260000e-01 	 1.932480e-01 
  1.270000e-01 	 1.926561e-01 
  1.280000e-01 	 1.920557e-01 
  1.290000e-01 	 1.914476e-01 
  1.300000e-01 	 1.908320e-01 
  1.310000e-01 	 1.902096e-01 
  1.320000e-01 	 1.895805e-01 
  1.330000e-01 	 1.889453e-01 
  1.340000e-01 	 1.883042e-01 
  1.350000e-01 	 1.876575e-01 
  1.360000e-01 	 1.870054e-01 
  1.370000e-01 	 1.863482e-01 
  1.380000e-01 	 1.856860e-01 
  1.390000e-01 	 1.850191e-01 
  1.400000e-01 	 1.843475e-01 
  1.410000e-01 	 1.836713e-01 
  1.420000e-01 	 1.829908e-01 
  1.430000e-01 	 1.823059e-01 
  1.440000e-01 	 1.816167e-01 
  1.450000e-01 	 1.809234e-01 
  1.460000e-01 	 1.802260e-01 
  1.470000e-01 	 1.795245e-01 
  1.480000e-01 	 1.788190e-01 
  1.490000e-01 	 1.781096e-01 
  1.500000e-01 	 1.773963e-01 
  1.510000e-01 	 1.766792e-01 
  1.520000e-01 	 1.759584e-01 
  1.530000e-01 	 1.752339e-01 
  1.540000e-01 	 1.745060e-01 
  1.550000e-01 	 1.737746e-01 
  1.560000e-01 	 1.730399e-01 
  1.570000e-01 	 1.723020e-01 
  1.580000e-01 	 1.715612e-01 
  1.590000e-01 	 1.708175e-01 
  1.600000e-01 	 1.700712e-01 
  1.610000e-01 	 1.693226e-01 
  1.620000e-01 	 1.685718e-01 
  1.630000e-01 	 1.678191e-01 
  1.640000e-01 	 1.670648e-01 
  1.650000e-01 	 1.663093e-01 
  1.660000e-01 	 1.655528e-01 
  1.670000e-01 	 1.647958e-01 
  1.680000e-01 	 1.640387e-01 
  1.690000e-01 	 1.632818e-01 
  1.700000e-01 	 1.625256e-01 
  1.710000e-01 	 1.617706e-01 
  1.720000e-01 	 1.610173e-01 
  1.730000e-01 	 1.602661e-01 
  1.740000e-01 	 1.595177e-01 
  1.750000e-01 	 1.587726e-01 
  1.760000e-01 	 1.580314e-01 
  1.770000e-01 	 1.572947e-01 
  1.780000e-01 	 1.565631e-01 
  1.790000e-01 	 1.558372e-01 
  1.800000e-01 	 1.551178e-01 
  1.810000e-01 	 1.544055e-01 
  1.820000e-01 	 1.537009e-01 
  1.830000e-01 	 1.530048e-01 
  1.840000e-01 	 1.523178e-01 
  1.850000e-01 	 1.516408e-01 
  1.860000e-01 	 1.509743e-01 
  1.870000e-01 	 1.503191e-01 
  1.880000e-01 	 1.496759e-01 
  1.890000e-01 	 1.490454e-01 
  1.900000e-01 	 1.484284e-01 
  1.910000e-01 	 1.478254e-01 
  1.920000e-01 	 1.472373e-01 
  1.930000e-01 	 1.466647e-01 
  1.940000e-01 	 1.461083e-01 
  1.950000e-01 	 1.455687e-01 
  1.960000e-01 	 1.450466e-01 
  1.970000e-01 	 1.445425e-01 
  1.980000e-01 	 1.440571e-01 
  1.990000e-01 	 1.435909e-01 
  2.000000e-01 	 1.431446e-01 
  2.010000e-01 	 1.427186e-01 
  2.020000e-01 	 1.423134e-01 
  2.030000e-01 	 1.419296e-01 
  2.040000e-01 	 1.415675e-01 
  2.050000e-01 	 1.412275e-01 
  2.060000e-01 	 1.409101e-01 
  2.070000e-01 	 1.406155e-01 
  2.080000e-01 	 1.403441e-01 
  2.090000e-01 	 1.400962e-01 
  2.100000e-01 	 1.398720e-01 
  2.110000e-01 	 1.396716e-01 
  2.120000e-01 	 1.394952e-01 
  2.130000e-01 	 1.393430e-01 
  2.140000e-01 	 1.392149e-01 
  2.150000e-01 	 1.391111e-01 
  2.160000e-01 	 1.390314e-01 
  2.170000e-01 	 1.389759e-01 
  2.180000e-01 	 1.389444e-01 
  2.190000e-01 	 1.389367e-01 
  2.200000e-01 	 1.389526e-01 
  2.210000e-01 	 1.389919e-01 
  2.220000e-01 	 1.390543e-01 
  2.230000e-01 	 1.391394e-01 
  2.240000e-01 	 1.392468e-01 
  2.250000e-01 	 1.393761e-01 
  2.260000e-01 	 1.395268e-01 
  2.270000e-01 	 1.396984e-01 
  2.280000e-01 	 1.398903e-01 
  2.290000e-01 	 1.401020e-01 
  2.300000e-01 	 1.403326e-01 
  2.310000e-01 	 1.405816e-01 
  2.320000e-01 	 1.408483e-01 
  2.330000e-01 	 1.411319e-01 
  2.340000e-01 	 1.414316e-01 
  2.350000e-01 	 1.417465e-01 
  2.360000e-01 	 1.420759e-01 
  2.370000e-01 	 1.424189e-01 
  2.380000e-01 	 1.427746e-01 
  2.390000e-01 	 1.431421e-01 
  2.400000e-01 	 1.435205e-01 
  2.410000e-01 	 1.439088e-01 
  2.420000e-01 	 1.443062e-01 
  2.430000e-01 	 1.447116e-01 
  2.440000e-01 	 1.451240e-01 
  2.450000e-01 	 1.455426e-01 
  2.460000e-01 	 1.459664e-01 
  2.470000e-01 	 1.463943e-01 
  2.480000e-01 	 1.468255e-01 
  2.490000e-01 	 1.472589e-01 
  2.500000e-01 	 1.476936e-01 
  2.510000e-01 	 1.481287e-01 
  2.520000e-01 	 1.485633e-01 
  2.530000e-01 	 1.489963e-01 
  2.540000e-01 	 1.494270e-01 
  2.550000e-01 	 1.498543e-01 
  2.560000e-01 	 1.502775e-01 
  2.570000e-01 	 1.506957e-01 
  2.580000e-01 	 1.511081e-01 
  2.590000e-01 	 1.515138e-01 
  2.600000e-01 	 1.519120e-01 
  2.610000e-01 	 1.523021e-01 
  2.620000e-01 	 1.526833e-01 
  2.630000e-01 	 1.530548e-01 
  2.640000e-01 	 1.534161e-01 
  2.650000e-01 	 1.537664e-01 
  2.660000e-01 	 1.541052e-01 
  2.670000e-01 	 1.544319e-01 
  2.680000e-01 	 1.547459e-01 
  2.690000e-01 	 1.550468e-01 
  2.700000e-01 	 1.553340e-01 
  2.710000e-01 	 1.556072e-01 
  2.720000e-01 	 1.558659e-01 
  2.730000e-01 	 1.561098e-01 
  2.740000e-01 	 1.563385e-01 
  2.750000e-01 	 1.565517e-01 
  2.760000e-01 	 1.567492e-01 
  2.770000e-01 	 1.569308e-01 
  2.780000e-01 	 1.570962e-01 
  2.790000e-01 	 1.572454e-01 
  2.800000e-01 	 1.573781e-01 
  2.810000e-01 	 1.574944e-01 
  2.820000e-01 	 1.575942e-01 
  2.830000e-01 	 1.576775e-01 
  2.840000e-01 	 1.577443e-01 
  2.850000e-01 	 1.577947e-01 
  2.860000e-01 	 1.578287e-01 
  2.870000e-01 	 1.578465e-01 
  2.880000e-01 	 1.578483e-01 
  2.890000e-01 	 1.578342e-01 
  2.900000e-01 	 1.578045e-01 
  2.910000e-01 	 1.577594e-01 
  2.920000e-01 	 1.576993e-01 
  2.930000e-01 	 1.576243e-01 
  2.940000e-01 	 1.575350e-01 
  2.950000e-01 	 1.574316e-01 
  2.960000e-01 	 1.573145e-01 
  2.970000e-01 	 1.571842e-01 
  2.980000e-01 	 1.570410e-01 
  2.990000e-01 	 1.568856e-01 
  3.000000e-01 	 1.567183e-01 
  3.010000e-01 	 1.565396e-01 
  3.020000e-01 	 1.563501e-01 
  3.030000e-01 	 1.561504e-01 
  3.040000e-01 	 1.559409e-01 
  3.050000e-01 	 1.557222e-01 
  3.060000e-01 	 1.554950e-01 
  3.070000e-01 	 1.552597e-01 
  3.080000e-01 	 1.550171e-01 
  3.090000e-01 	 1.547675e-01 
  3.100000e-01 	 1.545118e-01 
  3.110000e-01 	 1.542504e-01 
  3.120000e-01 	 1.539840e-01 
  3.130000e-01 	 1.537131e-01 
  3.140000e-01 	 1.534384e-01 
  3.150000e-01 	 1.531604e-01 
  3.160000e-01 	 1.528797e-01 
  3.170000e-01 	 1.525969e-01 
  3.180000e-01 	 1.523125e-01 
  3.190000e-01 	 1.520271e-01 
  3.200000e-01 	 1.517412e-01 
  3.210000e-01 	 1.514553e-01 
  3.220000e-01 	 1.511700e-01 
  3.230000e-01 	 1.508857e-01 
  3.240000e-01 	 1.506030e-01 
  3.250000e-01 	 1.503221e-01 
  3.260000e-01 	 1.500437e-01 
  3.270000e-01 	 1.497680e-01 
  3.280000e-01 	 1.494955e-01 
  3.290000e-01 	 1.492266e-01 
  3.300000e-01 	 1.489616e-01 
  3.310000e-01 	 1.487008e-01 
  3.320000e-01 	 1.484445e-01 
  3.330000e-01 	 1.481930e-01 
  3.340000e-01 	 1.479466e-01 
  3.350000e-01 	 1.477054e-01 
  3.360000e-01 	 1.474697e-01 
  3.370000e-01 	 1.472397e-01 
  3.380000e-01 	 1.470155e-01 
  3.390000e-01 	 1.467971e-01 
  3.400000e-01 	 1.465848e-01 
  3.410000e-01 	 1.463787e-01 
  3.420000e-01 	 1.461786e-01 
  3.430000e-01 	 1.459847e-01 
  3.440000e-01 	 1.457970e-01 
  3.450000e-01 	 1.456155e-01 
  3.460000e-01 	 1.454400e-01 
  3.470000e-01 	 1.452706e-01 
  3.480000e-01 	 1.451072e-01 
  3.490000e-01 	 1.449495e-01 
  3.500000e-01 	 1.447976e-01 
  3.510000e-01 	 1.446512e-01 
  3.520000e-01 	 1.445102e-01 
  3.530000e-01 	 1.443744e-01 
  3.540000e-01 	 1.442436e-01 
  3.550000e-01 	 1.441176e-01 
  3.560000e-01 	 1.439961e-01 
  3.570000e-01 	 1.438789e-01 
  3.580000e-01 	 1.437657e-01 
  3.590000e-01 	 1.436563e-01 
  3.600000e-01 	 1.435504e-01 
  3.610000e-01 	 1.434477e-01 
  3.620000e-01 	 1.433479e-01 
  3.630000e-01 	 1.432507e-01 
  3.640000e-01 	 1.431558e-01 
  3.650000e-01 	 1.430629e-01 
  3.660000e-01 	 1.429717e-01 
  3.670000e-01 	 1.428818e-01 
  3.680000e-01 	 1.427930e-01 
  3.690000e-01 	 1.427049e-01 
  3.700000e-01 	 1.426173e-01 
  3.710000e-01 	 1.425298e-01 
  3.720000e-01 	 1.424422e-01 
  3.730000e-01 	 1.423541e-01 
  3.740000e-01 	 1.422653e-01 
  3.750000e-01 	 1.421754e-01 
  3.760000e-01 	 1.420843e-01 
  3.770000e-01 	 1.419917e-01 
  3.780000e-01 	 1.418972e-01 
  3.790000e-01 	 1.418008e-01 
  3.800000e-01 	 1.417021e-01 
  3.810000e-01 	 1.416010e-01 
  3.820000e-01 	 1.414972e-01 
  3.830000e-01 	 1.413906e-01 
  3.840000e-01 	 1.412811e-01 
  3.850000e-01 	 1.411684e-01 
  3.860000e-01 	 1.410525e-01 
  3.870000e-01 	 1.409333e-01 
  3.880000e-01 	 1.408106e-01 
  3.890000e-01 	 1.406844e-01 
  3.900000e-01 	 1.405547e-01 
  3.910000e-01 	 1.404213e-01 
  3.920000e-01 	 1.402844e-01 
  3.930000e-01 	 1.401439e-01 
  3.940000e-01 	 1.399997e-01 
  3.950000e-01 	 1.398521e-01 
  3.960000e-01 	 1.397010e-01 
  3.970000e-01 	 1.395465e-01 
  3.980000e-01 	 1.393886e-01 
  3.990000e-01 	 1.392277e-01 
  4.000000e-01 	 1.390636e-01 
  4.010000e-01 	 1.388967e-01 
  4.020000e-01 	 1.387270e-01 
  4.030000e-01 	 1.385548e-01 
  4.040000e-01 	 1.383802e-01 
  4.050000e-01 	 1.382034e-01 
  4.060000e-01 	 1.380247e-01 
  4.070000e-01 	 1.378442e-01 
  4.080000e-01 	 1.376623e-01 
  4.090000e-01 	 1.374791e-01 
  4.100000e-01 	 1.372950e-01 
  4.110000e-01 	 1.371101e-01 
  4.120000e-01 	 1.369248e-01 
  4.130000e-01 	 1.367394e-01 
  4.140000e-01 	 1.365541e-01 
  4.150000e-01 	 1.363691e-01 
  4.160000e-01 	 1.361850e-01 
  4.170000e-01 	 1.360018e-01 
  4.180000e-01 	 1.358199e-01 
  4.190000e-01 	 1.356397e-01 
  4.200000e-01 	 1.354615e-01 
  4.210000e-01 	 1.352855e-01 
  4.220000e-01 	 1.351121e-01 
  4.230000e-01 	 1.349415e-01 
  4.240000e-01 	 1.347742e-01 
  4.250000e-01 	 1.346104e-01 
  4.260000e-01 	 1.344505e-01 
  4.270000e-01 	 1.342947e-01 
  4.280000e-01 	 1.341435e-01 
  4.290000e-01 	 1.339970e-01 
  4.300000e-01 	 1.338555e-01 
  4.310000e-01 	 1.337195e-01 
  4.320000e-01 	 1.335892e-01 
  4.330000e-01 	 1.334649e-01 
  4.340000e-01 	 1.333468e-01 
  4.350000e-01 	 1.332353e-01 
  4.360000e-01 	 1.331306e-01 
  4.370000e-01 	 1.330329e-01 
  4.380000e-01 	 1.329426e-01 
  4.390000e-01 	 1.328599e-01 
  4.400000e-01 	 1.327850e-01 
  4.410000e-01 	 1.327181e-01 
  4.420000e-01 	 1.326594e-01 
  4.430000e-01 	 1.326092e-01 
  4.440000e-01 	 1.325675e-01 
  4.450000e-01 	 1.325346e-01 
  4.460000e-01 	 1.325106e-01 
  4.470000e-01 	 1.324957e-01 
  4.480000e-01 	 1.324899e-01 
  4.490000e-01 	 1.324933e-01 
  4.500000e-01 	 1.325061e-01 
  4.510000e-01 	 1.325283e-01 
  4.520000e-01 	 1.325599e-01 
  4.530000e-01 	 1.326010e-01 
  4.540000e-01 	 1.326516e-01 
  4.550000e-01 	 1.327117e-01 
  4.560000e-01 	 1.327813e-01 
  4.570000e-01 	 1.328603e-01 
  4.580000e-01 	 1.329487e-01 
  4.590000e-01 	 1.330464e-01 
  4.600000e-01 	 1.331533e-01 
  4.610000e-01 	 1.332694e-01 
  4.620000e-01 	 1.333946e-01 
  4.630000e-01 	 1.335286e-01 
  4.640000e-01 	 1.336715e-01 
  4.650000e-01 	 1.338230e-01 
  4.660000e-01 	 1.339830e-01 
  4.670000e-01 	 1.341513e-01 
  4.680000e-01 	 1.343278e-01 
  4.690000e-01 	 1.345123e-01 
  4.700000e-01 	 1.347047e-01 
  4.710000e-01 	 1.349046e-01 
  4.720000e-01 	 1.351120e-01 
  4.730000e-01 	 1.353267e-01 
  4.740000e-01 	 1.355484e-01 
  4.750000e-01 	 1.357769e-01 
  4.760000e-01 	 1.360121e-01 
  4.770000e-01 	 1.362537e-01 
  4.780000e-01 	 1.365016e-01 
  4.790000e-01 	 1.367555e-01 
  4.800000e-01 	 1.370151e-01 
  4.810000e-01 	 1.372804e-01 
  4.820000e-01 	 1.375511e-01 
  4.830000e-01 	 1.378269e-01 
  4.840000e-01 	 1.381077e-01 
  4.850000e-01 	 1.383933e-01 
  4.860000e-01 	 1.386835e-01 
  4.870000e-01 	 1.389780e-01 
  4.880000e-01 	 1.392766e-01 
  4.890000e-01 	 1.395792e-01 
  4.900000e-01 	 1.398855e-01 
  4.910000e-01 	 1.401953e-01 
  4.920000e-01 	 1.405085e-01 
  4.930000e-01 	 1.408248e-01 
  4.940000e-01 	 1.411440e-01 
  4.950000e-01 	 1.414660e-01 
  4.960000e-01 	 1.417904e-01 
  4.970000e-01 	 1.421173e-01 
  4.980000e-01 	 1.424462e-01 
  4.990000e-01 	 1.427771e-01 
  5.000000e-01 	 1.431098e-01 
  5.010000e-01 	 1.434441e-01 
  5.020000e-01 	 1.437797e-01 
  5.030000e-01 	 1.441165e-01 
  5.040000e-01 	 1.444544e-01 
  5.050000e-01 	 1.447931e-01 
  5.060000e-01 	 1.451324e-01 
  5.070000e-01 	 1.454723e-01 
  5.080000e-01 	 1.458125e-01 
  5.090000e-01 	 1.461529e-01 
  5.100000e-01 	 1.464933e-01 
  5.110000e-01 	 1.468336e-01 
  5.120000e-01 	 1.471735e-01 
  5.130000e-01 	 1.475131e-01 
  5.140000e-01 	 1.478521e-01 
  5.150000e-01 	 1.481904e-01 
  5.160000e-01 	 1.485278e-01 
  5.170000e-01 	 1.488643e-01 
  5.180000e-01 	 1.491997e-01 
  5.190000e-01 	 1.495340e-01 
  5.200000e-01 	 1.498669e-01 
  5.210000e-01 	 1.501984e-01 
  5.220000e-01 	 1.505283e-01 
  5.230000e-01 	 1.508567e-01 
  5.240000e-01 	 1.511833e-01 
  5.250000e-01 	 1.515081e-01 
  5.260000e-01 	 1.518309e-01 
  5.270000e-01 	 1.521518e-01 
  5.280000e-01 	 1.524705e-01 
  5.290000e-01 	 1.527870e-01 
  5.300000e-01 	 1.531012e-01 
  5.310000e-01 	 1.534130e-01 
  5.320000e-01 	 1.537223e-01 
  5.330000e-01 	 1.540291e-01 
  5.340000e-01 	 1.543332e-01 
  5.350000e-01 	 1.546345e-01 
  5.360000e-01 	 1.549330e-01 
  5.370000e-01 	 1.552285e-01 
  5.380000e-01 	 1.555210e-01 
  5.390000e-01 	 1.558103e-01 
  5.400000e-01 	 1.560963e-01 
  5.410000e-01 	 1.563791e-01 
  5.420000e-01 	 1.566583e-01 
  5.430000e-01 	 1.569340e-01 
  5.440000e-01 	 1.572060e-01 
  5.450000e-01 	 1.574743e-01 
  5.460000e-01 	 1.577386e-01 
  5.470000e-01 	 1.579990e-01 
  5.480000e-01 	 1.582553e-01 
  5.490000e-01 	 1.585074e-01 
  5.500000e-01 	 1.587552e-01 
  5.510000e-01 	 1.589986e-01 
  5.520000e-01 	 1.592374e-01 
  5.530000e-01 	 1.594717e-01 
  5.540000e-01 	 1.597012e-01 
  5.550000e-01 	 1.599259e-01 
  5.560000e-01 	 1.601456e-01 
  5.570000e-01 	 1.603604e-01 
  5.580000e-01 	 1.605700e-01 
  5.590000e-01 	 1.607744e-01 
  5.600000e-01 	 1.609736e-01 
  5.610000e-01 	 1.611673e-01 
  5.620000e-01 	 1.613556e-01 
  5.630000e-01 	 1.615383e-01 
  5.640000e-01 	 1.617154e-01 
  5.650000e-01 	 1.618868e-01 
  5.660000e-01 	 1.620523e-01 
  5.670000e-01 	 1.622121e-01 
  5.680000e-01 	 1.623658e-01 
  5.690000e-01 	 1.625136e-01 
  5.700000e-01 	 1.626552e-01 
  5.710000e-01 	 1.627907e-01 
  5.720000e-01 	 1.629200e-01 
  5.730000e-01 	 1.630429e-01 
  5.740000e-01 	 1.631595e-01 
  5.750000e-01 	 1.632696e-01 
  5.760000e-01 	 1.633733e-01 
  5.770000e-01 	 1.634703e-01 
  5.780000e-01 	 1.635607e-01 
  5.790000e-01 	 1.636445e-01 
  5.800000e-01 	 1.637214e-01 
  5.810000e-01 	 1.637915e-01 
  5.820000e-01 	 1.638548e-01 
  5.830000e-01 	 1.639111e-01 
  5.840000e-01 	 1.639604e-01 
  5.850000e-01 	 1.640027e-01 
  5.860000e-01 	 1.640379e-01 
  5.870000e-01 	 1.640660e-01 
  5.880000e-01 	 1.640869e-01 
  5.890000e-01 	 1.641006e-01 
  5.900000e-01 	 1.641070e-01 
  5.910000e-01 	 1.641062e-01 
  5.920000e-01 	 1.640981e-01 
  5.930000e-01 	 1.640827e-01 
  5.940000e-01 	 1.640599e-01 
  5.950000e-01 	 1.640298e-01 
  5.960000e-01 	 1.639924e-01 
  5.970000e-01 	 1.639476e-01 
  5.980000e-01 	 1.638954e-01 
  5.990000e-01 	 1.638360e-01 
  6.000000e-01 	 1.637692e-01 
  6.010000e-01 	 1.636952e-01 
  6.020000e-01 	 1.636138e-01 
  6.030000e-01 	 1.635253e-01 
  6.040000e-01 	 1.634296e-01 
  6.050000e-01 	 1.633267e-01 
  6.060000e-01 	 1.632168e-01 
  6.070000e-01 	 1.630998e-01 
  6.080000e-01 	 1.629760e-01 
  6.090000e-01 	 1.628452e-01 
  6.100000e-01 	 1.627076e-01 
  6.110000e-01 	 1.625634e-01 
  6.120000e-01 	 1.624125e-01 
  6.130000e-01 	 1.622551e-01 
  6.140000e-01 	 1.620912e-01 
  6.150000e-01 	 1.619211e-01 
  6.160000e-01 	 1.617447e-01 
  6.170000e-01 	 1.615623e-01 
  6.180000e-01 	 1.613739e-01 
  6.190000e-01 	 1.611796e-01 
  6.200000e-01 	 1.609797e-01 
  6.210000e-01 	 1.607741e-01 
  6.220000e-01 	 1.605631e-01 
  6.230000e-01 	 1.603469e-01 
  6.240000e-01 	 1.601254e-01 
  6.250000e-01 	 1.598989e-01 
  6.260000e-01 	 1.596676e-01 
  6.270000e-01 	 1.594316e-01 
  6.280000e-01 	 1.591910e-01 
  6.290000e-01 	 1.589460e-01 
  6.300000e-01 	 1.586968e-01 
  6.310000e-01 	 1.584435e-01 
  6.320000e-01 	 1.581864e-01 
  6.330000e-01 	 1.579256e-01 
  6.340000e-01 	 1.576612e-01 
  6.350000e-01 	 1.573934e-01 
  6.360000e-01 	 1.571225e-01 
  6.370000e-01 	 1.568487e-01 
  6.380000e-01 	 1.565720e-01 
  6.390000e-01 	 1.562928e-01 
  6.400000e-01 	 1.560111e-01 
  6.410000e-01 	 1.557273e-01 
  6.420000e-01 	 1.554414e-01 
  6.430000e-01 	 1.551538e-01 
  6.440000e-01 	 1.548646e-01 
  6.450000e-01 	 1.545740e-01 
  6.460000e-01 	 1.542823e-01 
  6.470000e-01 	 1.539897e-01 
  6.480000e-01 	 1.536963e-01 
  6.490000e-01 	 1.534025e-01 
  6.500000e-01 	 1.531084e-01 
  6.510000e-01 	 1.528142e-01 
  6.520000e-01 	 1.525202e-01 
  6.530000e-01 	 1.522266e-01 
  6.540000e-01 	 1.519337e-01 
  6.550000e-01 	 1.516416e-01 
  6.560000e-01 	 1.513506e-01 
  6.570000e-01 	 1.510609e-01 
  6.580000e-01 	 1.507728e-01 
  6.590000e-01 	 1.504864e-01 
  6.600000e-01 	 1.502020e-01 
  6.610000e-01 	 1.499199e-01 
  6.620000e-01 	 1.496401e-01 
  6.630000e-01 	 1.493631e-01 
  6.640000e-01 	 1.490888e-01 
  6.650000e-01 	 1.488177e-01 
  6.660000e-01 	 1.485498e-01 
  6.670000e-01 	 1.482855e-01 
  6.680000e-01 	 1.480248e-01 
  6.690000e-01 	 1.477680e-01 
  6.700000e-01 	 1.475153e-01 
  6.710000e-01 	 1.472669e-01 
  6.720000e-01 	 1.470229e-01 
  6.730000e-01 	 1.467836e-01 
  6.740000e-01 	 1.465491e-01 
  6.750000e-01 	 1.463195e-01 
  6.760000e-01 	 1.460951e-01 
  6.770000e-01 	 1.458760e-01 
  6.780000e-01 	 1.456624e-01 
  6.790000e-01 	 1.454543e-01 
  6.800000e-01 	 1.452520e-01 
  6.810000e-01 	 1.450555e-01 
  6.820000e-01 	 1.448651e-01 
  6.830000e-01 	 1.446808e-01 
  6.840000e-01 	 1.445027e-01 
  6.850000e-01 	 1.443311e-01 
  6.860000e-01 	 1.441658e-01 
  6.870000e-01 	 1.440072e-01 
  6.880000e-01 	 1.438552e-01 
  6.890000e-01 	 1.437100e-01 
  6.900000e-01 	 1.435716e-01 
  6.910000e-01 	 1.434402e-01 
  6.920000e-01 	 1.433157e-01 
  6.930000e-01 	 1.431982e-01 
  6.940000e-01 	 1.430878e-01 
  6.950000e-01 	 1.429846e-01 
  6.960000e-01 	 1.428885e-01 
  6.970000e-01 	 1.427996e-01 
  6.980000e-01 	 1.427180e-01 
  6.990000e-01 	 1.426435e-01 
  7.000000e-01 	 1.425764e-01 
  7.010000e-01 	 1.425164e-01 
  7.020000e-01 	 1.424637e-01 
  7.030000e-01 	 1.424182e-01 
  7.040000e-01 	 1.423798e-01 
  7.050000e-01 	 1.423487e-01 
  7.060000e-01 	 1.423246e-01 
  7.070000e-01 	 1.423076e-01 
  7.080000e-01 	 1.422976e-01 
  7.090000e-01 	 1.422946e-01 
  7.100000e-01 	 1.422984e-01 
  7.110000e-01 	 1.423090e-01 
  7.120000e-01 	 1.423264e-01 
  7.130000e-01 	 1.423503e-01 
  7.140000e-01 	 1.423807e-01 
  7.150000e-01 	 1.424176e-01 
  7.160000e-01 	 1.424608e-01 
  7.170000e-01 	 1.425101e-01 
  7.180000e-01 	 1.425655e-01 
  7.190000e-01 	 1.426268e-01 
  7.200000e-01 	 1.426939e-01 
  7.210000e-01 	 1.427666e-01 
  7.220000e-01 	 1.428448e-01 
  7.230000e-01 	 1.429284e-01 
  7.240000e-01 	 1.430172e-01 
  7.250000e-01 	 1.431110e-01 
  7.260000e-01 	 1.432097e-01 
  7.270000e-01 	 1.433131e-01 
  7.280000e-01 	 1.434210e-01 
  7.290000e-01 	 1.435333e-01 
  7.300000e-01 	 1.436498e-01 
  7.310000e-01 	 1.437703e-01 
  7.320000e-01 	 1.438946e-01 
  7.330000e-01 	 1.440226e-01 
  7.340000e-01 	 1.441541e-01 
  7.350000e-01 	 1.442889e-01 
  7.360000e-01 	 1.444268e-01 
  7.370000e-01 	 1.445676e-01 
  7.380000e-01 	 1.447113e-01 
  7.390000e-01 	 1.448575e-01 
  7.400000e-01 	 1.450061e-01 
  7.410000e-01 	 1.451571e-01 
  7.420000e-01 	 1.453101e-01 
  7.430000e-01 	 1.454650e-01 
  7.440000e-01 	 1.456217e-01 
  7.450000e-01 	 1.457800e-01 
  7.460000e-01 	 1.459397e-01 
  7.470000e-01 	 1.461007e-01 
  7.480000e-01 	 1.462629e-01 
  7.490000e-01 	 1.464261e-01 
  7.500000e-01 	 1.465902e-01 
  7.510000e-01 	 1.467550e-01 
  7.520000e-01 	 1.469204e-01 
  7.530000e-01 	 1.470864e-01 
  7.540000e-01 	 1.472527e-01 
  7.550000e-01 	 1.474192e-01 
  7.560000e-01 	 1.475860e-01 
  7.570000e-01 	 1.477528e-01 
  7.580000e-01 	 1.479196e-01 
  7.590000e-01 	 1.480862e-01 
  7.600000e-01 	 1.482527e-01 
  7.610000e-01 	 1.484189e-01 
  7.620000e-01 	 1.485848e-01 
  7.630000e-01 	 1.487503e-01 
  7.640000e-01 	 1.489153e-01 
  7.650000e-01 	 1.490799e-01 
  7.660000e-01 	 1.492439e-01 
  7.670000e-01 	 1.494074e-01 
  7.680000e-01 	 1.495703e-01 
  7.690000e-01 	 1.497325e-01 
  7.700000e-01 	 1.498942e-01 
  7.710000e-01 	 1.500552e-01 
  7.720000e-01 	 1.502157e-01 
  7.730000e-01 	 1.503755e-01 
  7.740000e-01 	 1.505346e-01 
  7.750000e-01 	 1.506932e-01 
  7.760000e-01 	 1.508512e-01 
  7.770000e-01 	 1.510086e-01 
  7.780000e-01 	 1.511655e-01 
  7.790000e-01 	 1.513219e-01 
  7.800000e-01 	 1.514778e-01 
  7.810000e-01 	 1.516332e-01 
  7.820000e-01 	 1.517882e-01 
  7.830000e-01 	 1.519428e-01 
  7.840000e-01 	 1.520970e-01 
  7.850000e-01 	 1.522509e-01 
  7.860000e-01 	 1.524044e-01 
  7.870000e-01 	 1.525577e-01 
  7.880000e-01 	 1.527106e-01 
  7.890000e-01 	 1.528633e-01 
  7.900000e-01 	 1.530157e-01 
  7.910000e-01 	 1.531679e-01 
  7.920000e-01 	 1.533198e-01 
  7.930000e-01 	 1.534715e-01 
  7.940000e-01 	 1.536229e-01 
  7.950000e-01 	 1.537739e-01 
  7.960000e-01 	 1.539247e-01 
  7.970000e-01 	 1.540751e-01 
  7.980000e-01 	 1.542251e-01 
  7.990000e-01 	 1.543747e-01 
  8.000000e-01 	 1.545238e-01 
  8.010000e-01 	 1.546723e-01 
  8.020000e-01 	 1.548202e-01 
  8.030000e-01 	 1.549674e-01 
  8.040000e-01 	 1.551138e-01 
  8.050000e-01 	 1.552594e-01 
  8.060000e-01 	 1.554039e-01 
  8.070000e-01 	 1.555473e-01 
  8.080000e-01 	 1.556896e-01 
  8.090000e-01 	 1.558305e-01 
  8.100000e-01 	 1.559699e-01 
  8.110000e-01 	 1.561078e-01 
  8.120000e-01 	 1.562439e-01 
  8.130000e-01 	 1.563781e-01 
  8.140000e-01 	 1.565103e-01 
  8.150000e-01 	 1.566403e-01 
  8.160000e-01 	 1.567679e-01 
  8.170000e-01 	 1.568930e-01 
  8.180000e-01 	 1.570154e-01 
  8.190000e-01 	 1.571349e-01 
  8.200000e-01 	 1.572514e-01 
  8.210000e-01 	 1.573647e-01 
  8.220000e-01 	 1.574746e-01 
  8.230000e-01 	 1.575809e-01 
  8.240000e-01 	 1.576835e-01 
  8.250000e-01 	 1.577822e-01 
  8.260000e-01 	 1.578768e-01 
  8.270000e-01 	 1.579672e-01 
  8.280000e-01 	 1.580531e-01 
  8.290000e-01 	 1.581345e-01 
  8.300000e-01 	 1.582111e-01 
  8.310000e-01 	 1.582828e-01 
  8.320000e-01 	 1.583494e-01 
  8.330000e-01 	 1.584107e-01 
  8.340000e-01 	 1.584667e-01 
  8.350000e-01 	 1.585172e-01 
  8.360000e-01 	 1.585619e-01 
  8.370000e-01 	 1.586009e-01 
  8.380000e-01 	 1.586338e-01 
  8.390000e-01 	 1.586606e-01 
  8.400000e-01 	 1.586811e-01 
  8.410000e-01 	 1.586953e-01 
  8.420000e-01 	 1.587029e-01 
  8.430000e-01 	 1.587038e-01 
  8.440000e-01 	 1.586980e-01 
  8.450000e-01 	 1.586852e-01 
  8.460000e-01 	 1.586654e-01 
  8.470000e-01 	 1.586385e-01 
  8.480000e-01 	 1.586043e-01 
  8.490000e-01 	 1.585627e-01 
  8.500000e-01 	 1.585137e-01 
  8.510000e-01 	 1.584571e-01 
  8.520000e-01 	 1.583929e-01 
  8.530000e-01 	 1.583209e-01 
  8.540000e-01 	 1.582411e-01 
  8.550000e-01 	 1.581533e-01 
  8.560000e-01 	 1.580577e-01 
  8.570000e-01 	 1.579539e-01 
  8.580000e-01 	 1.578421e-01 
  8.590000e-01 	 1.577222e-01 
  8.600000e-01 	 1.575941e-01 
  8.610000e-01 	 1.574577e-01 
  8.620000e-01 	 1.573132e-01 
  8.630000e-01 	 1.571604e-01 
  8.640000e-01 	 1.569993e-01 
  8.650000e-01 	 1.568300e-01 
  8.660000e-01 	 1.566524e-01 
  8.670000e-01 	 1.564666e-01 
  8.680000e-01 	 1.562726e-01 
  8.690000e-01 	 1.560704e-01 
  8.700000e-01 	 1.558602e-01 
  8.710000e-01 	 1.556419e-01 
  8.720000e-01 	 1.554156e-01 
  8.730000e-01 	 1.551815e-01 
  8.740000e-01 	 1.549395e-01 
  8.750000e-01 	 1.546899e-01 
  8.760000e-01 	 1.544328e-01 
  8.770000e-01 	 1.541682e-01 
  8.780000e-01 	 1.538963e-01 
  8.790000e-01 	 1.536173e-01 
  8.800000e-01 	 1.533313e-01 
  8.810000e-01 	 1.530385e-01 
  8.820000e-01 	 1.527391e-01 
  8.830000e-01 	 1.524333e-01 
  8.840000e-01 	 1.521213e-01 
  8.850000e-01 	 1.518033e-01 
  8.860000e-01 	 1.514795e-01 
  8.870000e-01 	 1.511503e-01 
  8.880000e-01 	 1.508157e-01 
  8.890000e-01 	 1.504761e-01 
  8.900000e-01 	 1.501318e-01 
  8.910000e-01 	 1.497829e-01 
  8.920000e-01 	 1.494299e-01 
  8.930000e-01 	 1.490728e-01 
  8.940000e-01 	 1.487121e-01 
  8.950000e-01 	 1.483480e-01 
  8.960000e-01 	 1.479808e-01 
  8.970000e-01 	 1.476109e-01 
  8.980000e-01 	 1.472384e-01 
  8.990000e-01 	 1.468637e-01 
  9.000000e-01 	 1.464871e-01 
  9.010000e-01 	 1.461089e-01 
  9.020000e-01 	 1.457293e-01 
  9.030000e-01 	 1.453488e-01 
  9.040000e-01 	 1.449676e-01 
  9.050000e-01 	 1.445860e-01 
  9.060000e-01 	 1.442043e-01 
  9.070000e-01 	 1.438229e-01 
  9.080000e-01 	 1.434419e-01 
  9.090000e-01 	 1.430618e-01 
  9.100000e-01 	 1.426828e-01 
  9.110000e-01 	 1.423052e-01 
  9.120000e-01 	 1.419294e-01 
  9.130000e-01 	 1.415556e-01 
  9.140000e-01 	 1.411841e-01 
  9.150000e-01 	 1.408153e-01 
  9.160000e-01 	 1.404494e-01 
  9.170000e-01 	 1.400867e-01 
  9.180000e-01 	 1.397275e-01 
  9.190000e-01 	 1.393721e-01 
  9.200000e-01 	 1.390208e-01 
  9.210000e-01 	 1.386739e-01 
  9.220000e-01 	 1.383316e-01 
  9.230000e-01 	 1.379942e-01 
  9.240000e-01 	 1.376620e-01 
  9.250000e-01 	 1.373353e-01 
  9.260000e-01 	 1.370143e-01 
  9.270000e-01 	 1.366994e-01 
  9.280000e-01 	 1.363907e-01 
  9.290000e-01 	 1.360885e-01 
  9.300000e-01 	 1.357930e-01 
  9.310000e-01 	 1.355046e-01 
  9.320000e-01 	 1.352234e-01 
  9.330000e-01 	 1.349497e-01 
  9.340000e-01 	 1.346837e-01 
  9.350000e-01 	 1.344256e-01 
  9.360000e-01 	 1.341756e-01 
  9.370000e-01 	 1.339340e-01 
  9.380000e-01 	 1.337010e-01 
  9.390000e-01 	 1.334767e-01 
  9.400000e-01 	 1.332613e-01 
  9.410000e-01 	 1.330551e-01 
  9.420000e-01 	 1.328582e-01 
  9.430000e-01 	 1.326708e-01 
  9.440000e-01 	 1.324930e-01 
  9.450000e-01 	 1.323250e-01 
  9.460000e-01 	 1.321670e-01 
  9.470000e-01 	 1.320191e-01 
  9.480000e-01 	 1.318814e-01 
  9.490000e-01 	 1.317541e-01 
  9.500000e-01 	 1.316373e-01 
  9.510000e-01 	 1.315311e-01 
  9.520000e-01 	 1.314355e-01 
  9.530000e-01 	 1.313508e-01 
  9.540000e-01 	 1.312770e-01 
  9.550000e-01 	 1.312142e-01 
  9.560000e-01 	 1.311625e-01 
  9.570000e-01 	 1.311218e-01 
  9.580000e-01 	 1.310924e-01 
  9.590000e-01 	 1.310741e-01 
  9.600000e-01 	 1.310672e-01 
  9.610000e-01 	 1.310715e-01 
  9.620000e-01 	 1.310872e-01 
  9.630000e-01 	 1.311142e-01 
  9.640000e-01 	 1.311525e-01 
  9.650000e-01 	 1.312022e-01 
  9.660000e-01 	 1.312632e-01 
  9.670000e-01 	 1.313356e-01 
  9.680000e-01 	 1.314192e-01 
  9.690000e-01 	 1.315140e-01 
  9.700000e-01 	 1.316200e-01 
  9.710000e-01 	 1.317372e-01 
  9.720000e-01 	 1.318654e-01 
  9.730000e-01 	 1.320046e-01 
  9.740000e-01 	 1.321547e-01 
  9.750000e-01 	 1.323156e-01 
  9.760000e-01 	 1.324872e-01 
  9.770000e-01 	 1.326694e-01 
  9.780000e-01 	 1.328620e-01 
  9.790000e-01 	 1.330649e-01 
  9.800000e-01 	 1.332779e-01 
  9.810000e-01 	 1.335010e-01 
  9.820000e-01 	 1.337338e-01 
  9.830000e-01 	 1.339763e-01 
  9.840000e-01 	 1.342283e-01 
  9.850000e-01 	 1.344894e-01 
  9.860000e-01 	 1.347596e-01 
  9.870000e-01 	 1.350386e-01 
  9.880000e-01 	 1.353262e-01 
  9.890000e-01 	 1.356221e-01 
  9.900000e-01 	 1.359261e-01 
  9.910000e-01 	 1.362379e-01 
  9.920000e-01 	 1.365572e-01 
  9.930000e-01 	 1.368839e-01 
  9.940000e-01 	 1.372176e-01 
  9.950000e-01 	 1.375580e-01 
  9.960000e-01 	 1.379048e-01 
  9.970000e-01 	 1.382578e-01 
  9.980000e-01 	 1.386166e-01 
  9.990000e-01 	 1.389809e-01 
  1.000000e+00 	 1.393505e-01 
  1.001000e+00 	 1.397249e-01 
  1.002000e+00 	 1.401040e-01 
  1.003000e+00 	 1.404873e-01 
  1.004000e+00 	 1.408745e-01 
  1.005000e+00 	 1.412653e-01 
  1.006000e+00 	 1.416594e-01 
  1.007000e+00 	 1.420565e-01 
  1.008000e+00 	 1.424561e-01 
  1.009000e+00 	 1.428580e-01 
  1.010000e+00 	 1.432618e-01 
  1.011000e+00 	 1.436671e-01 
  1.012000e+00 	 1.440738e-01 
  1.013000e+00 	 1.444813e-01 
  1.014000e+00 	 1.448893e-01 
  1.015000e+00 	 1.452976e-01 
  1.016000e+00 	 1.457058e-01 
  1.017000e+00 	 1.461135e-01 
  1.018000e+00 	 1.465205e-01 
  1.019000e+00 	 1.469263e-01 
  1.020000e+00 	 1.473307e-01 
  1.021000e+00 	 1.477334e-01 
  1.022000e+00 	 1.481339e-01 
  1.023000e+00 	 1.485321e-01 
 