% Spectrum for month 4, day 17.
%
% The first column contains the channel number (0-8191)
% and the second contains the number of counts in that channel.
%
% E1 = 1.1938 MeV
% E2 = 1.3437 MeV
% E3 = 3.0120 MeV
%
0	0
1	0
2	0
3	0
4	0
5	0
6	0
7	0
8	0
9	0
10	0
11	0
12	0
13	0
14	0
15	0
16	0
17	0
18	0
19	0
20	0
21	0
22	0
23	0
24	0
25	0
26	0
27	0
28	0
29	0
30	0
31	0
32	289
33	335
34	295
35	292
36	317
37	305
38	315
39	316
40	273
41	322
42	336
43	316
44	281
45	348
46	309
47	309
48	295
49	320
50	314
51	322
52	318
53	294
54	351
55	344
56	346
57	329
58	358
59	356
60	331
61	358
62	348
63	321
64	336
65	359
66	320
67	362
68	358
69	358
70	351
71	357
72	337
73	341
74	364
75	332
76	356
77	373
78	359
79	345
80	340
81	385
82	382
83	363
84	361
85	362
86	378
87	357
88	375
89	363
90	358
91	364
92	356
93	353
94	364
95	355
96	353
97	338
98	337
99	350
100	365
101	365
102	329
103	406
104	376
105	393
106	364
107	346
108	405
109	377
110	405
111	408
112	368
113	402
114	370
115	375
116	414
117	380
118	381
119	418
120	362
121	412
122	390
123	377
124	379
125	401
126	412
127	393
128	389
129	385
130	408
131	372
132	386
133	424
134	366
135	416
136	398
137	411
138	424
139	414
140	435
141	403
142	385
143	406
144	435
145	394
146	424
147	384
148	442
149	466
150	381
151	404
152	420
153	402
154	435
155	431
156	407
157	455
158	418
159	394
160	401
161	416
162	414
163	450
164	411
165	421
166	461
167	423
168	406
169	437
170	397
171	387
172	450
173	468
174	428
175	449
176	443
177	433
178	458
179	483
180	446
181	432
182	450
183	431
184	444
185	477
186	440
187	442
188	446
189	442
190	435
191	468
192	449
193	440
194	467
195	463
196	453
197	487
198	455
199	479
200	456
201	484
202	458
203	439
204	436
205	444
206	428
207	451
208	408
209	460
210	486
211	451
212	424
213	467
214	450
215	460
216	497
217	476
218	478
219	475
220	473
221	452
222	459
223	487
224	460
225	450
226	463
227	499
228	492
229	469
230	492
231	448
232	476
233	499
234	477
235	480
236	489
237	483
238	504
239	518
240	487
241	512
242	501
243	462
244	515
245	495
246	488
247	487
248	471
249	533
250	498
251	522
252	471
253	487
254	488
255	546
256	483
257	502
258	509
259	534
260	533
261	547
262	577
263	512
264	503
265	509
266	550
267	544
268	520
269	545
270	541
271	497
272	494
273	563
274	515
275	541
276	515
277	565
278	522
279	519
280	536
281	521
282	556
283	536
284	540
285	531
286	569
287	555
288	548
289	512
290	554
291	563
292	557
293	562
294	569
295	527
296	529
297	533
298	542
299	543
300	572
301	547
302	542
303	586
304	568
305	572
306	551
307	589
308	537
309	568
310	554
311	611
312	538
313	567
314	625
315	603
316	556
317	604
318	567
319	583
320	560
321	586
322	583
323	603
324	546
325	557
326	552
327	575
328	555
329	574
330	587
331	623
332	579
333	562
334	570
335	559
336	571
337	606
338	587
339	560
340	555
341	585
342	595
343	592
344	574
345	537
346	569
347	618
348	616
349	562
350	590
351	542
352	568
353	585
354	587
355	639
356	619
357	593
358	568
359	576
360	605
361	608
362	613
363	626
364	639
365	599
366	643
367	613
368	628
369	623
370	619
371	621
372	607
373	592
374	647
375	621
376	622
377	575
378	603
379	638
380	589
381	600
382	589
383	658
384	679
385	658
386	618
387	639
388	648
389	630
390	637
391	639
392	602
393	640
394	628
395	641
396	667
397	641
398	655
399	624
400	631
401	671
402	656
403	658
404	647
405	660
406	642
407	674
408	692
409	625
410	638
411	647
412	628
413	640
414	629
415	689
416	625
417	652
418	671
419	707
420	718
421	667
422	664
423	645
424	697
425	645
426	669
427	661
428	650
429	667
430	642
431	688
432	685
433	722
434	676
435	712
436	628
437	616
438	682
439	642
440	668
441	717
442	649
443	703
444	714
445	697
446	660
447	743
448	702
449	708
450	674
451	654
452	716
453	675
454	664
455	718
456	732
457	665
458	672
459	707
460	745
461	671
462	689
463	701
464	665
465	697
466	669
467	729
468	685
469	740
470	704
471	730
472	689
473	746
474	689
475	726
476	724
477	685
478	695
479	792
480	709
481	743
482	719
483	728
484	731
485	724
486	698
487	742
488	705
489	719
490	721
491	735
492	713
493	763
494	716
495	717
496	732
497	773
498	779
499	758
500	771
501	661
502	725
503	715
504	734
505	746
506	749
507	760
508	786
509	688
510	770
511	764
512	733
513	739
514	798
515	728
516	774
517	762
518	748
519	840
520	772
521	735
522	751
523	735
524	762
525	807
526	808
527	722
528	755
529	780
530	754
531	799
532	747
533	774
534	761
535	799
536	764
537	769
538	819
539	795
540	763
541	711
542	830
543	762
544	759
545	769
546	796
547	777
548	779
549	842
550	782
551	813
552	749
553	805
554	807
555	811
556	754
557	794
558	799
559	774
560	823
561	875
562	797
563	789
564	815
565	819
566	776
567	782
568	745
569	752
570	812
571	820
572	754
573	719
574	825
575	816
576	809
577	803
578	804
579	821
580	803
581	831
582	836
583	892
584	855
585	817
586	840
587	830
588	806
589	805
590	842
591	820
592	830
593	834
594	813
595	766
596	834
597	834
598	804
599	840
600	851
601	788
602	837
603	842
604	856
605	849
606	833
607	876
608	833
609	836
610	770
611	860
612	832
613	876
614	839
615	875
616	824
617	783
618	854
619	875
620	860
621	846
622	893
623	826
624	869
625	875
626	921
627	874
628	857
629	854
630	870
631	870
632	897
633	911
634	855
635	874
636	823
637	907
638	910
639	876
640	872
641	850
642	912
643	862
644	903
645	868
646	892
647	840
648	932
649	845
650	925
651	858
652	905
653	870
654	859
655	928
656	891
657	880
658	882
659	911
660	899
661	829
662	928
663	961
664	867
665	856
666	856
667	901
668	937
669	915
670	899
671	907
672	899
673	866
674	884
675	969
676	894
677	931
678	960
679	876
680	953
681	914
682	914
683	916
684	925
685	904
686	965
687	941
688	928
689	939
690	902
691	932
692	923
693	934
694	881
695	948
696	960
697	892
698	932
699	942
700	948
701	973
702	1016
703	961
704	972
705	857
706	986
707	940
708	935
709	957
710	925
711	979
712	983
713	983
714	969
715	906
716	914
717	968
718	966
719	955
720	963
721	967
722	972
723	918
724	938
725	950
726	965
727	925
728	1009
729	901
730	1001
731	1004
732	959
733	990
734	980
735	1013
736	1007
737	978
738	982
739	961
740	924
741	958
742	945
743	959
744	1004
745	974
746	978
747	938
748	977
749	1034
750	946
751	977
752	951
753	1055
754	1016
755	1009
756	964
757	962
758	972
759	969
760	993
761	987
762	929
763	964
764	967
765	994
766	1002
767	996
768	943
769	1034
770	1033
771	968
772	1027
773	1007
774	973
775	1019
776	1012
777	1053
778	947
779	1059
780	1003
781	994
782	1021
783	1008
784	996
785	1082
786	1022
787	1047
788	949
789	1023
790	1027
791	994
792	1021
793	1005
794	1022
795	1105
796	999
797	1024
798	1060
799	1000
800	1065
801	1025
802	1043
803	994
804	977
805	1033
806	1004
807	965
808	1024
809	985
810	1073
811	1042
812	1055
813	1037
814	1021
815	1064
816	1048
817	1053
818	1074
819	1063
820	1068
821	1028
822	1034
823	1020
824	1104
825	1050
826	1022
827	1094
828	1018
829	1074
830	1016
831	1024
832	1028
833	1046
834	1080
835	1054
836	1067
837	1040
838	1060
839	1048
840	1031
841	1062
842	1031
843	1054
844	1065
845	1032
846	1087
847	1106
848	1086
849	1081
850	1042
851	1005
852	1122
853	1074
854	1088
855	1008
856	1086
857	1043
858	1099
859	1147
860	1071
861	1118
862	1112
863	1080
864	1087
865	1120
866	1063
867	1070
868	1016
869	1089
870	1111
871	1134
872	1100
873	1091
874	1098
875	1152
876	1099
877	1043
878	1133
879	1113
880	1112
881	1060
882	1090
883	1137
884	1114
885	1116
886	1102
887	1101
888	1123
889	1131
890	1131
891	1128
892	1077
893	1155
894	1116
895	1128
896	1087
897	1131
898	1098
899	1108
900	1073
901	1078
902	1079
903	1087
904	1140
905	1126
906	1132
907	1064
908	1152
909	1108
910	1088
911	1138
912	1100
913	1056
914	1208
915	1124
916	1176
917	1158
918	1095
919	1149
920	1199
921	1133
922	1116
923	1204
924	1140
925	1169
926	1142
927	1111
928	1137
929	1139
930	1107
931	1183
932	1155
933	1196
934	1157
935	1139
936	1126
937	1167
938	1177
939	1185
940	1160
941	1188
942	1161
943	1191
944	1147
945	1137
946	1166
947	1147
948	1139
949	1156
950	1197
951	1196
952	1196
953	1164
954	1183
955	1177
956	1141
957	1124
958	1161
959	1180
960	1184
961	1201
962	1170
963	1162
964	1254
965	1186
966	1208
967	1155
968	1214
969	1141
970	1157
971	1239
972	1139
973	1179
974	1130
975	1244
976	1168
977	1160
978	1160
979	1185
980	1211
981	1216
982	1219
983	1183
984	1216
985	1183
986	1220
987	1157
988	1193
989	1256
990	1229
991	1205
992	1245
993	1208
994	1224
995	1197
996	1274
997	1217
998	1200
999	1156
1000	1200
1001	1200
1002	1169
1003	1245
1004	1226
1005	1195
1006	1185
1007	1206
1008	1199
1009	1256
1010	1255
1011	1189
1012	1214
1013	1189
1014	1184
1015	1212
1016	1248
1017	1212
1018	1196
1019	1260
1020	1156
1021	1214
1022	1242
1023	1255
1024	1256
1025	1223
1026	1161
1027	1246
1028	1220
1029	1227
1030	1280
1031	1225
1032	1227
1033	1268
1034	1274
1035	1263
1036	1245
1037	1218
1038	1248
1039	1246
1040	1227
1041	1180
1042	1327
1043	1222
1044	1237
1045	1258
1046	1244
1047	1258
1048	1204
1049	1189
1050	1240
1051	1312
1052	1200
1053	1210
1054	1243
1055	1295
1056	1266
1057	1239
1058	1246
1059	1259
1060	1300
1061	1262
1062	1220
1063	1279
1064	1313
1065	1282
1066	1228
1067	1249
1068	1262
1069	1239
1070	1217
1071	1197
1072	1233
1073	1298
1074	1322
1075	1233
1076	1232
1077	1233
1078	1300
1079	1294
1080	1323
1081	1294
1082	1271
1083	1275
1084	1252
1085	1293
1086	1257
1087	1298
1088	1279
1089	1284
1090	1314
1091	1361
1092	1271
1093	1312
1094	1256
1095	1241
1096	1346
1097	1320
1098	1304
1099	1259
1100	1233
1101	1309
1102	1229
1103	1284
1104	1291
1105	1282
1106	1299
1107	1315
1108	1297
1109	1323
1110	1296
1111	1263
1112	1288
1113	1288
1114	1311
1115	1292
1116	1338
1117	1347
1118	1344
1119	1278
1120	1303
1121	1300
1122	1317
1123	1330
1124	1293
1125	1292
1126	1351
1127	1386
1128	1348
1129	1342
1130	1319
1131	1336
1132	1354
1133	1330
1134	1276
1135	1359
1136	1322
1137	1320
1138	1350
1139	1293
1140	1304
1141	1343
1142	1301
1143	1329
1144	1258
1145	1336
1146	1333
1147	1325
1148	1336
1149	1314
1150	1357
1151	1391
1152	1284
1153	1385
1154	1314
1155	1362
1156	1357
1157	1307
1158	1317
1159	1374
1160	1261
1161	1341
1162	1406
1163	1379
1164	1363
1165	1278
1166	1346
1167	1351
1168	1276
1169	1395
1170	1336
1171	1286
1172	1328
1173	1283
1174	1345
1175	1312
1176	1350
1177	1382
1178	1311
1179	1316
1180	1319
1181	1349
1182	1309
1183	1366
1184	1365
1185	1429
1186	1398
1187	1372
1188	1326
1189	1348
1190	1412
1191	1451
1192	1397
1193	1313
1194	1332
1195	1363
1196	1345
1197	1368
1198	1319
1199	1355
1200	1372
1201	1397
1202	1415
1203	1404
1204	1420
1205	1398
1206	1358
1207	1348
1208	1380
1209	1336
1210	1325
1211	1394
1212	1405
1213	1361
1214	1335
1215	1386
1216	1346
1217	1367
1218	1387
1219	1397
1220	1413
1221	1343
1222	1403
1223	1418
1224	1351
1225	1426
1226	1387
1227	1388
1228	1357
1229	1455
1230	1380
1231	1387
1232	1367
1233	1362
1234	1390
1235	1370
1236	1375
1237	1407
1238	1462
1239	1409
1240	1407
1241	1365
1242	1368
1243	1445
1244	1415
1245	1466
1246	1415
1247	1420
1248	1418
1249	1422
1250	1418
1251	1358
1252	1385
1253	1388
1254	1356
1255	1426
1256	1380
1257	1436
1258	1456
1259	1410
1260	1376
1261	1408
1262	1342
1263	1353
1264	1449
1265	1503
1266	1447
1267	1444
1268	1527
1269	1444
1270	1427
1271	1455
1272	1372
1273	1442
1274	1386
1275	1391
1276	1402
1277	1435
1278	1435
1279	1430
1280	1447
1281	1412
1282	1451
1283	1436
1284	1393
1285	1465
1286	1461
1287	1406
1288	1434
1289	1401
1290	1462
1291	1429
1292	1444
1293	1361
1294	1449
1295	1428
1296	1498
1297	1384
1298	1406
1299	1473
1300	1532
1301	1375
1302	1523
1303	1321
1304	1372
1305	1423
1306	1390
1307	1427
1308	1467
1309	1524
1310	1417
1311	1521
1312	1440
1313	1410
1314	1474
1315	1402
1316	1490
1317	1496
1318	1421
1319	1430
1320	1455
1321	1440
1322	1455
1323	1478
1324	1509
1325	1560
1326	1487
1327	1460
1328	1446
1329	1485
1330	1419
1331	1479
1332	1532
1333	1464
1334	1488
1335	1430
1336	1437
1337	1499
1338	1484
1339	1440
1340	1474
1341	1553
1342	1467
1343	1451
1344	1450
1345	1403
1346	1471
1347	1450
1348	1451
1349	1499
1350	1481
1351	1494
1352	1410
1353	1482
1354	1508
1355	1468
1356	1450
1357	1423
1358	1534
1359	1515
1360	1513
1361	1425
1362	1442
1363	1430
1364	1515
1365	1489
1366	1454
1367	1460
1368	1392
1369	1474
1370	1418
1371	1429
1372	1540
1373	1543
1374	1508
1375	1509
1376	1494
1377	1391
1378	1478
1379	1476
1380	1520
1381	1503
1382	1561
1383	1456
1384	1514
1385	1454
1386	1494
1387	1483
1388	1481
1389	1540
1390	1533
1391	1480
1392	1479
1393	1452
1394	1453
1395	1511
1396	1507
1397	1487
1398	1482
1399	1519
1400	1501
1401	1591
1402	1445
1403	1537
1404	1451
1405	1554
1406	1570
1407	1489
1408	1462
1409	1436
1410	1504
1411	1486
1412	1516
1413	1554
1414	1514
1415	1437
1416	1482
1417	1532
1418	1456
1419	1492
1420	1512
1421	1553
1422	1502
1423	1479
1424	1529
1425	1431
1426	1518
1427	1544
1428	1480
1429	1436
1430	1481
1431	1465
1432	1545
1433	1529
1434	1616
1435	1463
1436	1514
1437	1587
1438	1566
1439	1519
1440	1569
1441	1540
1442	1518
1443	1522
1444	1560
1445	1603
1446	1618
1447	1515
1448	1563
1449	1483
1450	1515
1451	1534
1452	1550
1453	1585
1454	1490
1455	1599
1456	1583
1457	1494
1458	1592
1459	1519
1460	1569
1461	1515
1462	1501
1463	1511
1464	1448
1465	1611
1466	1558
1467	1517
1468	1559
1469	1508
1470	1591
1471	1565
1472	1483
1473	1587
1474	1524
1475	1536
1476	1513
1477	1556
1478	1578
1479	1554
1480	1539
1481	1492
1482	1591
1483	1569
1484	1644
1485	1547
1486	1572
1487	1575
1488	1527
1489	1498
1490	1495
1491	1520
1492	1561
1493	1563
1494	1549
1495	1514
1496	1538
1497	1604
1498	1550
1499	1514
1500	1563
1501	1504
1502	1615
1503	1530
1504	1514
1505	1546
1506	1601
1507	1596
1508	1520
1509	1565
1510	1543
1511	1629
1512	1556
1513	1592
1514	1520
1515	1557
1516	1561
1517	1556
1518	1567
1519	1623
1520	1509
1521	1601
1522	1493
1523	1558
1524	1601
1525	1638
1526	1538
1527	1625
1528	1608
1529	1619
1530	1617
1531	1648
1532	1650
1533	1661
1534	1639
1535	1641
1536	1630
1537	1720
1538	1661
1539	1742
1540	1705
1541	1645
1542	1749
1543	1760
1544	1776
1545	1787
1546	1852
1547	1849
1548	1932
1549	1946
1550	1847
1551	2029
1552	2015
1553	2052
1554	2156
1555	2139
1556	2181
1557	2265
1558	2252
1559	2351
1560	2331
1561	2456
1562	2552
1563	2537
1564	2602
1565	2733
1566	2822
1567	2863
1568	2845
1569	2983
1570	3068
1571	3203
1572	3118
1573	3297
1574	3367
1575	3386
1576	3475
1577	3570
1578	3704
1579	3768
1580	3775
1581	3808
1582	4114
1583	3860
1584	3934
1585	3994
1586	4096
1587	4205
1588	4246
1589	4193
1590	4330
1591	4280
1592	4195
1593	4371
1594	4294
1595	4315
1596	4378
1597	4200
1598	4300
1599	4194
1600	4334
1601	4099
1602	4225
1603	4174
1604	3965
1605	3791
1606	4012
1607	3926
1608	3718
1609	3767
1610	3661
1611	3658
1612	3545
1613	3535
1614	3326
1615	3336
1616	3258
1617	3248
1618	3171
1619	3084
1620	3061
1621	2967
1622	2906
1623	2847
1624	2536
1625	2748
1626	2541
1627	2434
1628	2558
1629	2429
1630	2317
1631	2333
1632	2260
1633	2177
1634	2185
1635	2088
1636	2130
1637	2051
1638	2000
1639	1893
1640	1875
1641	1917
1642	1860
1643	1835
1644	1840
1645	1821
1646	1836
1647	1833
1648	1730
1649	1733
1650	1759
1651	1740
1652	1729
1653	1721
1654	1691
1655	1722
1656	1697
1657	1569
1658	1695
1659	1630
1660	1691
1661	1620
1662	1718
1663	1622
1664	1631
1665	1601
1666	1579
1667	1644
1668	1644
1669	1633
1670	1606
1671	1518
1672	1650
1673	1623
1674	1586
1675	1567
1676	1655
1677	1635
1678	1620
1679	1639
1680	1671
1681	1712
1682	1633
1683	1578
1684	1601
1685	1672
1686	1662
1687	1665
1688	1603
1689	1602
1690	1703
1691	1627
1692	1663
1693	1702
1694	1662
1695	1672
1696	1711
1697	1632
1698	1677
1699	1676
1700	1667
1701	1600
1702	1644
1703	1655
1704	1695
1705	1685
1706	1648
1707	1611
1708	1647
1709	1646
1710	1592
1711	1649
1712	1624
1713	1574
1714	1705
1715	1643
1716	1703
1717	1642
1718	1620
1719	1703
1720	1654
1721	1639
1722	1681
1723	1679
1724	1703
1725	1716
1726	1666
1727	1691
1728	1609
1729	1694
1730	1620
1731	1696
1732	1741
1733	1647
1734	1712
1735	1663
1736	1704
1737	1680
1738	1740
1739	1792
1740	1806
1741	1758
1742	1770
1743	1779
1744	1814
1745	1887
1746	1850
1747	1754
1748	1869
1749	1838
1750	1968
1751	1946
1752	1927
1753	1927
1754	1920
1755	2042
1756	1993
1757	2105
1758	2121
1759	2144
1760	2216
1761	2142
1762	2266
1763	2172
1764	2344
1765	2327
1766	2398
1767	2325
1768	2468
1769	2461
1770	2459
1771	2602
1772	2559
1773	2586
1774	2551
1775	2705
1776	2625
1777	2747
1778	2786
1779	2812
1780	2791
1781	2814
1782	2802
1783	2912
1784	2855
1785	2843
1786	2818
1787	2942
1788	2782
1789	2991
1790	2963
1791	2921
1792	2886
1793	2948
1794	2921
1795	2809
1796	2963
1797	2875
1798	2890
1799	2827
1800	2662
1801	2760
1802	2622
1803	2715
1804	2724
1805	2690
1806	2668
1807	2641
1808	2555
1809	2523
1810	2518
1811	2412
1812	2467
1813	2389
1814	2333
1815	2361
1816	2364
1817	2283
1818	2268
1819	2214
1820	2272
1821	2150
1822	2101
1823	2140
1824	2036
1825	2050
1826	1999
1827	2046
1828	1995
1829	1995
1830	1900
1831	1820
1832	1954
1833	1835
1834	1909
1835	1785
1836	1946
1837	1866
1838	1833
1839	1802
1840	1851
1841	1771
1842	1766
1843	1791
1844	1811
1845	1681
1846	1738
1847	1706
1848	1707
1849	1652
1850	1814
1851	1697
1852	1741
1853	1734
1854	1636
1855	1664
1856	1754
1857	1667
1858	1740
1859	1701
1860	1692
1861	1650
1862	1682
1863	1796
1864	1747
1865	1604
1866	1654
1867	1683
1868	1637
1869	1727
1870	1697
1871	1688
1872	1716
1873	1726
1874	1596
1875	1780
1876	1761
1877	1806
1878	1740
1879	1693
1880	1687
1881	1685
1882	1678
1883	1691
1884	1750
1885	1698
1886	1708
1887	1641
1888	1780
1889	1695
1890	1725
1891	1701
1892	1754
1893	1755
1894	1716
1895	1637
1896	1814
1897	1691
1898	1600
1899	1722
1900	1754
1901	1759
1902	1759
1903	1705
1904	1785
1905	1746
1906	1690
1907	1708
1908	1703
1909	1686
1910	1739
1911	1701
1912	1695
1913	1677
1914	1746
1915	1739
1916	1704
1917	1810
1918	1718
1919	1671
1920	1729
1921	1772
1922	1695
1923	1644
1924	1710
1925	1746
1926	1734
1927	1725
1928	1689
1929	1746
1930	1735
1931	1731
1932	1650
1933	1735
1934	1692
1935	1677
1936	1719
1937	1687
1938	1740
1939	1738
1940	1681
1941	1770
1942	1713
1943	1627
1944	1764
1945	1722
1946	1770
1947	1792
1948	1642
1949	1769
1950	1754
1951	1722
1952	1800
1953	1665
1954	1789
1955	1751
1956	1729
1957	1714
1958	1759
1959	1725
1960	1684
1961	1738
1962	1714
1963	1791
1964	1723
1965	1677
1966	1664
1967	1711
1968	1716
1969	1647
1970	1706
1971	1772
1972	1690
1973	1661
1974	1778
1975	1650
1976	1769
1977	1745
1978	1692
1979	1753
1980	1672
1981	1715
1982	1686
1983	1807
1984	1750
1985	1702
1986	1777
1987	1755
1988	1673
1989	1672
1990	1730
1991	1684
1992	1702
1993	1682
1994	1717
1995	1732
1996	1661
1997	1641
1998	1643
1999	1673
2000	1780
2001	1665
2002	1680
2003	1734
2004	1731
2005	1715
2006	1789
2007	1725
2008	1653
2009	1715
2010	1758
2011	1662
2012	1760
2013	1773
2014	1700
2015	1728
2016	1743
2017	1777
2018	1668
2019	1697
2020	1765
2021	1728
2022	1786
2023	1722
2024	1722
2025	1733
2026	1799
2027	1743
2028	1707
2029	1671
2030	1760
2031	1658
2032	1788
2033	1744
2034	1743
2035	1772
2036	1681
2037	1718
2038	1728
2039	1719
2040	1717
2041	1699
2042	1745
2043	1661
2044	1726
2045	1730
2046	1702
2047	1683
2048	1706
2049	1707
2050	1714
2051	1642
2052	1700
2053	1782
2054	1732
2055	1659
2056	1695
2057	1703
2058	1728
2059	1658
2060	1725
2061	1795
2062	1754
2063	1739
2064	1799
2065	1699
2066	1636
2067	1712
2068	1695
2069	1731
2070	1634
2071	1686
2072	1672
2073	1696
2074	1675
2075	1674
2076	1688
2077	1783
2078	1712
2079	1705
2080	1643
2081	1791
2082	1668
2083	1722
2084	1834
2085	1739
2086	1690
2087	1708
2088	1745
2089	1779
2090	1796
2091	1695
2092	1699
2093	1750
2094	1751
2095	1676
2096	1816
2097	1753
2098	1647
2099	1719
2100	1697
2101	1685
2102	1713
2103	1742
2104	1642
2105	1740
2106	1702
2107	1774
2108	1713
2109	1734
2110	1718
2111	1662
2112	1743
2113	1677
2114	1694
2115	1740
2116	1706
2117	1697
2118	1760
2119	1740
2120	1778
2121	1711
2122	1661
2123	1688
2124	1742
2125	1786
2126	1808
2127	1661
2128	1710
2129	1704
2130	1751
2131	1740
2132	1789
2133	1773
2134	1670
2135	1726
2136	1771
2137	1717
2138	1682
2139	1661
2140	1745
2141	1658
2142	1720
2143	1706
2144	1694
2145	1795
2146	1762
2147	1757
2148	1653
2149	1659
2150	1715
2151	1770
2152	1647
2153	1685
2154	1688
2155	1724
2156	1716
2157	1717
2158	1667
2159	1724
2160	1680
2161	1690
2162	1686
2163	1672
2164	1677
2165	1761
2166	1738
2167	1759
2168	1716
2169	1761
2170	1739
2171	1719
2172	1718
2173	1773
2174	1667
2175	1721
2176	1746
2177	1811
2178	1732
2179	1686
2180	1707
2181	1738
2182	1669
2183	1805
2184	1705
2185	1661
2186	1756
2187	1789
2188	1750
2189	1659
2190	1709
2191	1654
2192	1732
2193	1665
2194	1776
2195	1721
2196	1747
2197	1686
2198	1750
2199	1716
2200	1743
2201	1686
2202	1663
2203	1717
2204	1721
2205	1750
2206	1742
2207	1747
2208	1806
2209	1725
2210	1751
2211	1683
2212	1686
2213	1693
2214	1730
2215	1772
2216	1714
2217	1716
2218	1687
2219	1705
2220	1750
2221	1753
2222	1739
2223	1774
2224	1721
2225	1770
2226	1728
2227	1698
2228	1735
2229	1711
2230	1757
2231	1695
2232	1678
2233	1647
2234	1719
2235	1742
2236	1732
2237	1716
2238	1698
2239	1703
2240	1725
2241	1621
2242	1684
2243	1763
2244	1687
2245	1706
2246	1716
2247	1638
2248	1744
2249	1671
2250	1655
2251	1757
2252	1717
2253	1618
2254	1726
2255	1721
2256	1725
2257	1741
2258	1665
2259	1671
2260	1763
2261	1797
2262	1727
2263	1756
2264	1706
2265	1772
2266	1689
2267	1746
2268	1711
2269	1731
2270	1653
2271	1630
2272	1714
2273	1692
2274	1675
2275	1673
2276	1724
2277	1721
2278	1737
2279	1718
2280	1723
2281	1784
2282	1671
2283	1643
2284	1746
2285	1676
2286	1710
2287	1654
2288	1699
2289	1722
2290	1709
2291	1685
2292	1647
2293	1768
2294	1690
2295	1730
2296	1764
2297	1737
2298	1605
2299	1790
2300	1703
2301	1796
2302	1679
2303	1700
2304	1765
2305	1757
2306	1689
2307	1755
2308	1659
2309	1736
2310	1734
2311	1678
2312	1614
2313	1724
2314	1671
2315	1686
2316	1733
2317	1644
2318	1680
2319	1738
2320	1770
2321	1704
2322	1706
2323	1717
2324	1707
2325	1737
2326	1741
2327	1726
2328	1696
2329	1696
2330	1694
2331	1759
2332	1657
2333	1790
2334	1683
2335	1675
2336	1711
2337	1763
2338	1702
2339	1732
2340	1716
2341	1700
2342	1678
2343	1714
2344	1707
2345	1663
2346	1761
2347	1701
2348	1719
2349	1683
2350	1675
2351	1668
2352	1703
2353	1698
2354	1763
2355	1707
2356	1673
2357	1674
2358	1725
2359	1651
2360	1790
2361	1697
2362	1660
2363	1695
2364	1733
2365	1653
2366	1713
2367	1748
2368	1676
2369	1641
2370	1605
2371	1701
2372	1688
2373	1685
2374	1733
2375	1726
2376	1734
2377	1685
2378	1687
2379	1670
2380	1649
2381	1592
2382	1671
2383	1775
2384	1706
2385	1778
2386	1758
2387	1689
2388	1743
2389	1686
2390	1655
2391	1707
2392	1742
2393	1668
2394	1734
2395	1657
2396	1625
2397	1656
2398	1666
2399	1708
2400	1674
2401	1667
2402	1685
2403	1666
2404	1675
2405	1707
2406	1646
2407	1661
2408	1687
2409	1587
2410	1693
2411	1677
2412	1664
2413	1674
2414	1715
2415	1767
2416	1721
2417	1734
2418	1714
2419	1736
2420	1691
2421	1682
2422	1748
2423	1667
2424	1730
2425	1780
2426	1647
2427	1620
2428	1644
2429	1716
2430	1683
2431	1673
2432	1647
2433	1704
2434	1616
2435	1759
2436	1615
2437	1719
2438	1722
2439	1742
2440	1749
2441	1754
2442	1704
2443	1641
2444	1651
2445	1678
2446	1700
2447	1706
2448	1693
2449	1648
2450	1664
2451	1724
2452	1631
2453	1682
2454	1704
2455	1684
2456	1697
2457	1667
2458	1678
2459	1715
2460	1712
2461	1685
2462	1694
2463	1691
2464	1629
2465	1699
2466	1737
2467	1627
2468	1712
2469	1666
2470	1667
2471	1766
2472	1673
2473	1670
2474	1640
2475	1632
2476	1663
2477	1634
2478	1626
2479	1659
2480	1615
2481	1705
2482	1682
2483	1653
2484	1583
2485	1626
2486	1689
2487	1717
2488	1661
2489	1663
2490	1730
2491	1610
2492	1660
2493	1594
2494	1704
2495	1721
2496	1669
2497	1750
2498	1651
2499	1651
2500	1632
2501	1682
2502	1672
2503	1645
2504	1666
2505	1614
2506	1664
2507	1720
2508	1707
2509	1634
2510	1675
2511	1659
2512	1696
2513	1646
2514	1645
2515	1660
2516	1670
2517	1577
2518	1691
2519	1698
2520	1678
2521	1635
2522	1680
2523	1666
2524	1701
2525	1652
2526	1642
2527	1593
2528	1757
2529	1675
2530	1697
2531	1659
2532	1608
2533	1647
2534	1655
2535	1709
2536	1659
2537	1591
2538	1705
2539	1653
2540	1688
2541	1630
2542	1698
2543	1646
2544	1639
2545	1671
2546	1688
2547	1599
2548	1646
2549	1661
2550	1667
2551	1606
2552	1641
2553	1690
2554	1598
2555	1590
2556	1649
2557	1647
2558	1669
2559	1655
2560	1620
2561	1616
2562	1663
2563	1701
2564	1653
2565	1666
2566	1625
2567	1668
2568	1625
2569	1639
2570	1642
2571	1585
2572	1724
2573	1616
2574	1599
2575	1613
2576	1677
2577	1663
2578	1651
2579	1668
2580	1587
2581	1652
2582	1570
2583	1600
2584	1596
2585	1691
2586	1646
2587	1685
2588	1620
2589	1665
2590	1715
2591	1640
2592	1591
2593	1665
2594	1623
2595	1650
2596	1667
2597	1621
2598	1678
2599	1550
2600	1699
2601	1635
2602	1583
2603	1634
2604	1597
2605	1621
2606	1626
2607	1663
2608	1641
2609	1607
2610	1634
2611	1683
2612	1614
2613	1639
2614	1635
2615	1548
2616	1621
2617	1593
2618	1681
2619	1609
2620	1632
2621	1544
2622	1661
2623	1596
2624	1550
2625	1565
2626	1557
2627	1599
2628	1703
2629	1604
2630	1610
2631	1646
2632	1645
2633	1606
2634	1666
2635	1596
2636	1642
2637	1605
2638	1603
2639	1569
2640	1563
2641	1641
2642	1596
2643	1580
2644	1571
2645	1602
2646	1596
2647	1599
2648	1652
2649	1620
2650	1576
2651	1620
2652	1555
2653	1551
2654	1602
2655	1655
2656	1604
2657	1559
2658	1590
2659	1579
2660	1666
2661	1604
2662	1645
2663	1557
2664	1565
2665	1617
2666	1555
2667	1571
2668	1540
2669	1613
2670	1550
2671	1544
2672	1552
2673	1545
2674	1598
2675	1630
2676	1603
2677	1531
2678	1635
2679	1612
2680	1559
2681	1594
2682	1591
2683	1559
2684	1677
2685	1613
2686	1571
2687	1596
2688	1591
2689	1559
2690	1604
2691	1596
2692	1589
2693	1568
2694	1534
2695	1547
2696	1577
2697	1557
2698	1643
2699	1622
2700	1559
2701	1571
2702	1523
2703	1629
2704	1521
2705	1589
2706	1516
2707	1542
2708	1606
2709	1600
2710	1656
2711	1579
2712	1578
2713	1546
2714	1591
2715	1660
2716	1518
2717	1646
2718	1571
2719	1438
2720	1495
2721	1517
2722	1532
2723	1557
2724	1588
2725	1536
2726	1579
2727	1589
2728	1520
2729	1489
2730	1590
2731	1558
2732	1572
2733	1555
2734	1522
2735	1569
2736	1565
2737	1587
2738	1655
2739	1535
2740	1570
2741	1526
2742	1573
2743	1517
2744	1455
2745	1605
2746	1577
2747	1559
2748	1534
2749	1575
2750	1551
2751	1584
2752	1539
2753	1533
2754	1556
2755	1547
2756	1584
2757	1593
2758	1606
2759	1539
2760	1482
2761	1486
2762	1503
2763	1571
2764	1576
2765	1583
2766	1528
2767	1532
2768	1546
2769	1520
2770	1519
2771	1509
2772	1547
2773	1549
2774	1546
2775	1464
2776	1625
2777	1529
2778	1482
2779	1481
2780	1591
2781	1522
2782	1561
2783	1550
2784	1489
2785	1482
2786	1539
2787	1479
2788	1524
2789	1534
2790	1534
2791	1577
2792	1440
2793	1508
2794	1501
2795	1528
2796	1528
2797	1522
2798	1466
2799	1530
2800	1548
2801	1535
2802	1527
2803	1517
2804	1580
2805	1529
2806	1586
2807	1500
2808	1578
2809	1528
2810	1528
2811	1505
2812	1427
2813	1549
2814	1550
2815	1560
2816	1527
2817	1533
2818	1510
2819	1568
2820	1539
2821	1495
2822	1440
2823	1532
2824	1478
2825	1514
2826	1498
2827	1575
2828	1528
2829	1508
2830	1469
2831	1475
2832	1602
2833	1483
2834	1540
2835	1467
2836	1527
2837	1448
2838	1545
2839	1512
2840	1443
2841	1536
2842	1473
2843	1448
2844	1427
2845	1465
2846	1530
2847	1498
2848	1554
2849	1518
2850	1509
2851	1449
2852	1434
2853	1457
2854	1493
2855	1510
2856	1531
2857	1521
2858	1534
2859	1451
2860	1481
2861	1467
2862	1514
2863	1504
2864	1458
2865	1453
2866	1465
2867	1460
2868	1479
2869	1507
2870	1369
2871	1555
2872	1474
2873	1459
2874	1443
2875	1503
2876	1481
2877	1450
2878	1504
2879	1470
2880	1351
2881	1447
2882	1460
2883	1443
2884	1536
2885	1467
2886	1504
2887	1482
2888	1512
2889	1437
2890	1475
2891	1514
2892	1449
2893	1407
2894	1464
2895	1441
2896	1411
2897	1431
2898	1486
2899	1460
2900	1412
2901	1454
2902	1525
2903	1422
2904	1513
2905	1461
2906	1527
2907	1510
2908	1561
2909	1479
2910	1411
2911	1420
2912	1405
2913	1401
2914	1464
2915	1446
2916	1540
2917	1425
2918	1504
2919	1381
2920	1429
2921	1459
2922	1446
2923	1422
2924	1451
2925	1386
2926	1423
2927	1465
2928	1478
2929	1408
2930	1470
2931	1425
2932	1516
2933	1419
2934	1401
2935	1442
2936	1513
2937	1411
2938	1382
2939	1418
2940	1474
2941	1432
2942	1490
2943	1408
2944	1438
2945	1341
2946	1467
2947	1408
2948	1480
2949	1412
2950	1469
2951	1412
2952	1445
2953	1455
2954	1436
2955	1416
2956	1455
2957	1407
2958	1434
2959	1462
2960	1410
2961	1412
2962	1382
2963	1374
2964	1430
2965	1418
2966	1400
2967	1480
2968	1387
2969	1400
2970	1432
2971	1474
2972	1441
2973	1488
2974	1386
2975	1430
2976	1403
2977	1443
2978	1468
2979	1396
2980	1387
2981	1463
2982	1440
2983	1441
2984	1377
2985	1449
2986	1418
2987	1379
2988	1384
2989	1374
2990	1355
2991	1397
2992	1368
2993	1412
2994	1370
2995	1396
2996	1380
2997	1402
2998	1409
2999	1410
3000	1401
3001	1383
3002	1395
3003	1353
3004	1300
3005	1411
3006	1343
3007	1332
3008	1381
3009	1401
3010	1442
3011	1339
3012	1401
3013	1389
3014	1398
3015	1477
3016	1404
3017	1435
3018	1429
3019	1395
3020	1411
3021	1338
3022	1366
3023	1382
3024	1385
3025	1316
3026	1391
3027	1367
3028	1337
3029	1350
3030	1340
3031	1339
3032	1366
3033	1420
3034	1322
3035	1376
3036	1333
3037	1338
3038	1327
3039	1374
3040	1407
3041	1292
3042	1339
3043	1364
3044	1304
3045	1358
3046	1338
3047	1308
3048	1319
3049	1291
3050	1444
3051	1347
3052	1353
3053	1351
3054	1383
3055	1296
3056	1336
3057	1404
3058	1336
3059	1372
3060	1326
3061	1334
3062	1284
3063	1362
3064	1357
3065	1269
3066	1421
3067	1354
3068	1333
3069	1357
3070	1375
3071	1331
3072	1312
3073	1307
3074	1297
3075	1342
3076	1339
3077	1354
3078	1305
3079	1227
3080	1358
3081	1353
3082	1352
3083	1369
3084	1355
3085	1342
3086	1307
3087	1259
3088	1322
3089	1303
3090	1347
3091	1358
3092	1292
3093	1347
3094	1247
3095	1341
3096	1278
3097	1346
3098	1332
3099	1358
3100	1329
3101	1294
3102	1318
3103	1383
3104	1345
3105	1322
3106	1329
3107	1349
3108	1311
3109	1304
3110	1298
3111	1316
3112	1309
3113	1292
3114	1340
3115	1359
3116	1307
3117	1265
3118	1266
3119	1226
3120	1250
3121	1285
3122	1288
3123	1306
3124	1290
3125	1303
3126	1274
3127	1314
3128	1239
3129	1327
3130	1339
3131	1345
3132	1319
3133	1256
3134	1305
3135	1336
3136	1306
3137	1254
3138	1273
3139	1264
3140	1260
3141	1261
3142	1311
3143	1238
3144	1240
3145	1256
3146	1254
3147	1242
3148	1268
3149	1285
3150	1277
3151	1244
3152	1267
3153	1241
3154	1337
3155	1299
3156	1282
3157	1221
3158	1261
3159	1265
3160	1308
3161	1270
3162	1303
3163	1252
3164	1244
3165	1283
3166	1283
3167	1272
3168	1296
3169	1273
3170	1239
3171	1270
3172	1302
3173	1221
3174	1258
3175	1226
3176	1222
3177	1200
3178	1267
3179	1113
3180	1239
3181	1242
3182	1286
3183	1211
3184	1211
3185	1222
3186	1238
3187	1249
3188	1221
3189	1283
3190	1258
3191	1219
3192	1258
3193	1233
3194	1210
3195	1302
3196	1264
3197	1245
3198	1279
3199	1234
3200	1244
3201	1277
3202	1260
3203	1180
3204	1227
3205	1214
3206	1301
3207	1260
3208	1210
3209	1234
3210	1245
3211	1257
3212	1200
3213	1271
3214	1183
3215	1154
3216	1188
3217	1169
3218	1211
3219	1182
3220	1217
3221	1233
3222	1238
3223	1186
3224	1237
3225	1195
3226	1249
3227	1229
3228	1169
3229	1194
3230	1222
3231	1259
3232	1177
3233	1200
3234	1252
3235	1206
3236	1213
3237	1231
3238	1197
3239	1225
3240	1150
3241	1185
3242	1266
3243	1177
3244	1224
3245	1179
3246	1208
3247	1179
3248	1200
3249	1208
3250	1230
3251	1163
3252	1147
3253	1214
3254	1175
3255	1186
3256	1189
3257	1122
3258	1224
3259	1207
3260	1192
3261	1174
3262	1131
3263	1196
3264	1142
3265	1101
3266	1232
3267	1143
3268	1162
3269	1168
3270	1148
3271	1224
3272	1170
3273	1175
3274	1215
3275	1215
3276	1144
3277	1217
3278	1120
3279	1182
3280	1172
3281	1162
3282	1180
3283	1223
3284	1189
3285	1176
3286	1175
3287	1144
3288	1054
3289	1133
3290	1118
3291	1143
3292	1120
3293	1139
3294	1157
3295	1118
3296	1173
3297	1084
3298	1201
3299	1157
3300	1178
3301	1126
3302	1193
3303	1156
3304	1142
3305	1159
3306	1142
3307	1074
3308	1154
3309	1173
3310	1131
3311	1150
3312	1147
3313	1194
3314	1161
3315	1110
3316	1167
3317	1109
3318	1194
3319	1075
3320	1116
3321	1073
3322	1092
3323	1120
3324	1147
3325	1104
3326	1086
3327	1150
3328	1143
3329	1073
3330	1145
3331	1071
3332	1089
3333	1113
3334	1088
3335	1115
3336	1079
3337	1048
3338	1091
3339	1183
3340	1113
3341	1099
3342	1065
3343	1093
3344	1113
3345	1158
3346	1110
3347	1047
3348	1101
3349	1081
3350	1109
3351	1112
3352	1095
3353	1088
3354	1200
3355	1070
3356	1078
3357	1130
3358	1060
3359	1090
3360	1079
3361	1099
3362	1108
3363	1078
3364	1075
3365	1106
3366	1051
3367	1073
3368	1031
3369	1078
3370	1030
3371	1122
3372	1077
3373	1080
3374	1120
3375	1047
3376	1042
3377	1083
3378	1067
3379	1096
3380	1089
3381	1093
3382	1098
3383	1056
3384	1079
3385	1048
3386	1010
3387	1105
3388	1091
3389	1116
3390	1075
3391	1012
3392	1069
3393	1058
3394	1020
3395	1096
3396	1109
3397	1072
3398	1071
3399	969
3400	1100
3401	1062
3402	1034
3403	1110
3404	1059
3405	1035
3406	1046
3407	1063
3408	1066
3409	1024
3410	1052
3411	1059
3412	1045
3413	1095
3414	1038
3415	1065
3416	1073
3417	1044
3418	1014
3419	1018
3420	1063
3421	1035
3422	1054
3423	1005
3424	1077
3425	1031
3426	1024
3427	1031
3428	1015
3429	1033
3430	984
3431	1083
3432	1020
3433	1009
3434	1013
3435	992
3436	1116
3437	1051
3438	1038
3439	1015
3440	1046
3441	1018
3442	979
3443	993
3444	972
3445	1046
3446	1031
3447	1046
3448	1022
3449	1043
3450	1030
3451	976
3452	1034
3453	1001
3454	950
3455	1038
3456	979
3457	1041
3458	1021
3459	1013
3460	960
3461	1006
3462	992
3463	1023
3464	992
3465	933
3466	1020
3467	1001
3468	1035
3469	1049
3470	1033
3471	1022
3472	1055
3473	987
3474	1024
3475	984
3476	981
3477	1026
3478	942
3479	1018
3480	990
3481	964
3482	1095
3483	931
3484	997
3485	1018
3486	952
3487	992
3488	1026
3489	1000
3490	965
3491	968
3492	936
3493	992
3494	928
3495	970
3496	986
3497	981
3498	956
3499	971
3500	963
3501	913
3502	935
3503	965
3504	970
3505	906
3506	963
3507	902
3508	961
3509	932
3510	986
3511	907
3512	973
3513	960
3514	941
3515	1003
3516	1012
3517	915
3518	930
3519	968
3520	968
3521	960
3522	970
3523	953
3524	931
3525	916
3526	915
3527	917
3528	920
3529	908
3530	968
3531	933
3532	945
3533	928
3534	938
3535	921
3536	914
3537	924
3538	904
3539	902
3540	917
3541	935
3542	943
3543	888
3544	910
3545	926
3546	942
3547	945
3548	911
3549	852
3550	919
3551	955
3552	930
3553	884
3554	891
3555	939
3556	889
3557	882
3558	891
3559	894
3560	857
3561	892
3562	896
3563	887
3564	931
3565	907
3566	896
3567	898
3568	925
3569	885
3570	929
3571	892
3572	875
3573	897
3574	918
3575	925
3576	904
3577	881
3578	900
3579	891
3580	860
3581	912
3582	878
3583	878
3584	893
3585	828
3586	910
3587	901
3588	869
3589	869
3590	918
3591	864
3592	862
3593	883
3594	846
3595	872
3596	883
3597	847
3598	935
3599	889
3600	863
3601	959
3602	846
3603	893
3604	848
3605	875
3606	836
3607	875
3608	837
3609	860
3610	817
3611	896
3612	954
3613	861
3614	849
3615	818
3616	898
3617	892
3618	913
3619	891
3620	888
3621	832
3622	764
3623	850
3624	839
3625	873
3626	809
3627	858
3628	788
3629	828
3630	862
3631	801
3632	749
3633	823
3634	843
3635	809
3636	820
3637	869
3638	853
3639	791
3640	838
3641	825
3642	845
3643	881
3644	859
3645	812
3646	822
3647	754
3648	824
3649	846
3650	852
3651	819
3652	847
3653	804
3654	866
3655	844
3656	782
3657	809
3658	790
3659	857
3660	808
3661	881
3662	783
3663	750
3664	798
3665	825
3666	829
3667	809
3668	821
3669	822
3670	824
3671	803
3672	788
3673	815
3674	821
3675	780
3676	750
3677	829
3678	778
3679	777
3680	833
3681	770
3682	769
3683	796
3684	718
3685	825
3686	790
3687	798
3688	821
3689	775
3690	815
3691	789
3692	811
3693	813
3694	801
3695	769
3696	765
3697	747
3698	788
3699	763
3700	774
3701	791
3702	766
3703	822
3704	786
3705	791
3706	769
3707	789
3708	741
3709	764
3710	771
3711	779
3712	770
3713	752
3714	756
3715	731
3716	768
3717	694
3718	783
3719	767
3720	713
3721	806
3722	765
3723	746
3724	745
3725	757
3726	739
3727	784
3728	709
3729	767
3730	757
3731	746
3732	712
3733	781
3734	743
3735	707
3736	719
3737	736
3738	744
3739	773
3740	749
3741	707
3742	749
3743	760
3744	733
3745	740
3746	719
3747	727
3748	700
3749	713
3750	723
3751	740
3752	717
3753	738
3754	718
3755	704
3756	683
3757	724
3758	700
3759	784
3760	731
3761	785
3762	712
3763	759
3764	741
3765	731
3766	703
3767	706
3768	737
3769	655
3770	721
3771	706
3772	707
3773	739
3774	710
3775	715
3776	673
3777	675
3778	673
3779	706
3780	718
3781	724
3782	713
3783	689
3784	712
3785	720
3786	720
3787	678
3788	688
3789	677
3790	655
3791	681
3792	670
3793	703
3794	665
3795	652
3796	651
3797	692
3798	715
3799	709
3800	725
3801	663
3802	678
3803	617
3804	678
3805	685
3806	690
3807	685
3808	661
3809	644
3810	671
3811	675
3812	630
3813	645
3814	684
3815	688
3816	673
3817	656
3818	627
3819	634
3820	633
3821	633
3822	674
3823	653
3824	629
3825	628
3826	710
3827	641
3828	638
3829	675
3830	642
3831	673
3832	643
3833	671
3834	625
3835	628
3836	671
3837	655
3838	617
3839	648
3840	675
3841	660
3842	630
3843	657
3844	688
3845	695
3846	571
3847	611
3848	614
3849	652
3850	665
3851	611
3852	649
3853	659
3854	621
3855	633
3856	614
3857	604
3858	608
3859	670
3860	642
3861	628
3862	661
3863	558
3864	625
3865	593
3866	623
3867	581
3868	618
3869	630
3870	597
3871	609
3872	575
3873	643
3874	591
3875	621
3876	614
3877	572
3878	604
3879	603
3880	592
3881	636
3882	556
3883	581
3884	587
3885	625
3886	669
3887	599
3888	656
3889	597
3890	618
3891	571
3892	602
3893	653
3894	598
3895	578
3896	617
3897	591
3898	602
3899	583
3900	580
3901	530
3902	587
3903	598
3904	612
3905	619
3906	597
3907	594
3908	611
3909	589
3910	602
3911	650
3912	628
3913	628
3914	610
3915	657
3916	689
3917	677
3918	710
3919	687
3920	655
3921	683
3922	735
3923	738
3924	763
3925	749
3926	767
3927	851
3928	856
3929	882
3930	907
3931	938
3932	1043
3933	1009
3934	1099
3935	1147
3936	1214
3937	1209
3938	1223
3939	1288
3940	1369
3941	1445
3942	1452
3943	1550
3944	1633
3945	1694
3946	1797
3947	1826
3948	1896
3949	1998
3950	2021
3951	2108
3952	2160
3953	2287
3954	2316
3955	2381
3956	2531
3957	2503
3958	2462
3959	2722
3960	2715
3961	2764
3962	2886
3963	2806
3964	2919
3965	3003
3966	3047
3967	3133
3968	3164
3969	3177
3970	3183
3971	3029
3972	3226
3973	3159
3974	3138
3975	3181
3976	3184
3977	3244
3978	3138
3979	3172
3980	3150
3981	3004
3982	3038
3983	2990
3984	2853
3985	2891
3986	2889
3987	2722
3988	2702
3989	2659
3990	2584
3991	2572
3992	2478
3993	2299
3994	2306
3995	2215
3996	2092
3997	2027
3998	1944
3999	1901
4000	1878
4001	1809
4002	1678
4003	1583
4004	1580
4005	1432
4006	1409
4007	1324
4008	1324
4009	1280
4010	1192
4011	1103
4012	1078
4013	1056
4014	973
4015	982
4016	901
4017	900
4018	787
4019	831
4020	773
4021	753
4022	694
4023	700
4024	694
4025	663
4026	604
4027	625
4028	622
4029	553
4030	586
4031	546
4032	517
4033	528
4034	496
4035	484
4036	491
4037	531
4038	503
4039	506
4040	476
4041	505
4042	487
4043	488
4044	426
4045	458
4046	468
4047	453
4048	446
4049	474
4050	477
4051	421
4052	451
4053	484
4054	437
4055	424
4056	476
4057	403
4058	454
4059	443
4060	445
4061	442
4062	414
4063	415
4064	411
4065	470
4066	411
4067	442
4068	422
4069	456
4070	446
4071	378
4072	403
4073	429
4074	423
4075	420
4076	436
4077	408
4078	456
4079	420
4080	400
4081	452
4082	386
4083	395
4084	423
4085	397
4086	422
4087	403
4088	458
4089	413
4090	424
4091	402
4092	402
4093	356
4094	405
4095	397
4096	412
4097	413
4098	466
4099	423
4100	432
4101	441
4102	399
4103	409
4104	374
4105	381
4106	390
4107	426
4108	415
4109	413
4110	407
4111	430
4112	440
4113	448
4114	429
4115	470
4116	446
4117	439
4118	453
4119	502
4120	455
4121	522
4122	471
4123	507
4124	536
4125	531
4126	538
4127	574
4128	557
4129	592
4130	619
4131	645
4132	694
4133	677
4134	680
4135	720
4136	742
4137	764
4138	796
4139	806
4140	891
4141	919
4142	949
4143	908
4144	919
4145	1099
4146	1011
4147	994
4148	1111
4149	1161
4150	1208
4151	1192
4152	1247
4153	1309
4154	1285
4155	1366
4156	1341
4157	1388
4158	1411
4159	1405
4160	1499
4161	1474
4162	1538
4163	1560
4164	1516
4165	1527
4166	1527
4167	1569
4168	1532
4169	1557
4170	1507
4171	1602
4172	1605
4173	1585
4174	1579
4175	1536
4176	1545
4177	1457
4178	1515
4179	1488
4180	1448
4181	1424
4182	1399
4183	1433
4184	1334
4185	1330
4186	1245
4187	1296
4188	1224
4189	1173
4190	1151
4191	1159
4192	1103
4193	1057
4194	1014
4195	933
4196	885
4197	959
4198	834
4199	816
4200	814
4201	787
4202	733
4203	736
4204	712
4205	658
4206	606
4207	634
4208	623
4209	586
4210	533
4211	520
4212	505
4213	487
4214	465
4215	454
4216	440
4217	449
4218	449
4219	406
4220	383
4221	397
4222	377
4223	347
4224	353
4225	341
4226	349
4227	354
4228	336
4229	338
4230	349
4231	318
4232	311
4233	331
4234	312
4235	294
4236	296
4237	265
4238	286
4239	304
4240	291
4241	305
4242	281
4243	294
4244	278
4245	301
4246	307
4247	291
4248	299
4249	274
4250	281
4251	276
4252	281
4253	241
4254	262
4255	289
4256	261
4257	257
4258	253
4259	297
4260	285
4261	266
4262	240
4263	261
4264	287
4265	295
4266	281
4267	284
4268	286
4269	255
4270	277
4271	236
4272	274
4273	259
4274	239
4275	275
4276	266
4277	280
4278	239
4279	261
4280	239
4281	282
4282	258
4283	232
4284	260
4285	265
4286	239
4287	260
4288	271
4289	266
4290	250
4291	243
4292	268
4293	239
4294	233
4295	278
4296	253
4297	223
4298	261
4299	242
4300	233
4301	231
4302	239
4303	222
4304	217
4305	223
4306	261
4307	218
4308	263
4309	232
4310	231
4311	230
4312	218
4313	230
4314	231
4315	216
4316	225
4317	249
4318	232
4319	228
4320	243
4321	236
4322	244
4323	248
4324	215
4325	229
4326	203
4327	228
4328	236
4329	240
4330	205
4331	221
4332	190
4333	226
4334	217
4335	246
4336	193
4337	185
4338	210
4339	225
4340	220
4341	200
4342	191
4343	222
4344	205
4345	197
4346	184
4347	227
4348	217
4349	212
4350	189
4351	204
4352	178
4353	199
4354	173
4355	203
4356	208
4357	193
4358	185
4359	218
4360	224
4361	199
4362	179
4363	202
4364	199
4365	195
4366	187
4367	172
4368	218
4369	180
4370	173
4371	183
4372	174
4373	209
4374	178
4375	181
4376	176
4377	182
4378	169
4379	188
4380	154
4381	183
4382	195
4383	173
4384	197
4385	190
4386	182
4387	171
4388	158
4389	174
4390	174
4391	153
4392	165
4393	167
4394	176
4395	178
4396	176
4397	168
4398	167
4399	162
4400	172
4401	175
4402	156
4403	162
4404	157
4405	154
4406	151
4407	166
4408	153
4409	173
4410	138
4411	194
4412	158
4413	177
4414	139
4415	178
4416	172
4417	151
4418	149
4419	156
4420	145
4421	158
4422	179
4423	151
4424	155
4425	170
4426	144
4427	173
4428	161
4429	154
4430	182
4431	134
4432	129
4433	166
4434	117
4435	124
4436	170
4437	160
4438	135
4439	139
4440	176
4441	120
4442	165
4443	155
4444	155
4445	162
4446	132
4447	151
4448	146
4449	123
4450	136
4451	133
4452	143
4453	141
4454	130
4455	127
4456	158
4457	131
4458	132
4459	140
4460	130
4461	114
4462	130
4463	135
4464	122
4465	132
4466	117
4467	145
4468	144
4469	139
4470	134
4471	142
4472	108
4473	127
4474	134
4475	136
4476	141
4477	129
4478	106
4479	144
4480	117
4481	126
4482	101
4483	142
4484	100
4485	142
4486	110
4487	137
4488	129
4489	105
4490	115
4491	113
4492	127
4493	100
4494	106
4495	125
4496	113
4497	113
4498	104
4499	112
4500	116
4501	105
4502	101
4503	102
4504	93
4505	133
4506	114
4507	105
4508	126
4509	113
4510	110
4511	94
4512	104
4513	108
4514	90
4515	106
4516	86
4517	100
4518	101
4519	90
4520	106
4521	99
4522	101
4523	107
4524	86
4525	105
4526	115
4527	84
4528	95
4529	104
4530	86
4531	79
4532	94
4533	102
4534	79
4535	72
4536	102
4537	88
4538	94
4539	91
4540	88
4541	90
4542	77
4543	86
4544	71
4545	75
4546	74
4547	96
4548	86
4549	74
4550	90
4551	79
4552	70
4553	69
4554	90
4555	83
4556	65
4557	98
4558	83
4559	73
4560	82
4561	96
4562	81
4563	74
4564	89
4565	92
4566	87
4567	75
4568	78
4569	90
4570	73
4571	70
4572	65
4573	74
4574	74
4575	75
4576	68
4577	78
4578	67
4579	73
4580	73
4581	70
4582	76
4583	84
4584	54
4585	52
4586	82
4587	72
4588	71
4589	72
4590	72
4591	64
4592	70
4593	69
4594	60
4595	61
4596	50
4597	64
4598	73
4599	67
4600	60
4601	52
4602	68
4603	49
4604	58
4605	58
4606	63
4607	60
4608	66
4609	60
4610	64
4611	41
4612	42
4613	49
4614	64
4615	59
4616	53
4617	44
4618	51
4619	61
4620	56
4621	46
4622	55
4623	44
4624	53
4625	48
4626	59
4627	62
4628	43
4629	48
4630	54
4631	53
4632	47
4633	49
4634	58
4635	44
4636	53
4637	35
4638	57
4639	34
4640	47
4641	39
4642	51
4643	40
4644	58
4645	48
4646	52
4647	39
4648	45
4649	33
4650	23
4651	43
4652	30
4653	37
4654	43
4655	46
4656	52
4657	53
4658	39
4659	40
4660	31
4661	40
4662	44
4663	36
4664	43
4665	55
4666	41
4667	38
4668	31
4669	33
4670	37
4671	38
4672	30
4673	42
4674	24
4675	31
4676	37
4677	26
4678	35
4679	40
4680	38
4681	36
4682	37
4683	37
4684	42
4685	35
4686	22
4687	29
4688	21
4689	26
4690	31
4691	29
4692	29
4693	34
4694	31
4695	26
4696	30
4697	26
4698	28
4699	26
4700	29
4701	24
4702	26
4703	26
4704	28
4705	30
4706	25
4707	27
4708	24
4709	25
4710	21
4711	15
4712	20
4713	27
4714	22
4715	20
4716	23
4717	16
4718	21
4719	22
4720	25
4721	17
4722	20
4723	22
4724	22
4725	14
4726	19
4727	24
4728	23
4729	20
4730	26
4731	14
4732	19
4733	22
4734	13
4735	11
4736	14
4737	13
4738	16
4739	11
4740	15
4741	19
4742	18
4743	15
4744	15
4745	20
4746	16
4747	10
4748	17
4749	10
4750	2
4751	11
4752	10
4753	9
4754	8
4755	13
4756	14
4757	18
4758	16
4759	12
4760	12
4761	11
4762	9
4763	4
4764	10
4765	7
4766	8
4767	15
4768	15
4769	8
4770	8
4771	5
4772	3
4773	3
4774	3
4775	10
4776	8
4777	12
4778	6
4779	9
4780	8
4781	12
4782	8
4783	8
4784	9
4785	8
4786	6
4787	6
4788	7
4789	1
4790	6
4791	12
4792	8
4793	7
4794	2
4795	6
4796	6
4797	3
4798	6
4799	5
4800	5
4801	3
4802	9
4803	6
4804	5
4805	4
4806	5
4807	6
4808	5
4809	5
4810	2
4811	5
4812	3
4813	3
4814	0
4815	5
4816	5
4817	6
4818	4
4819	2
4820	6
4821	2
4822	4
4823	3
4824	2
4825	2
4826	2
4827	1
4828	2
4829	3
4830	1
4831	1
4832	0
4833	1
4834	0
4835	1
4836	2
4837	3
4838	0
4839	2
4840	0
4841	2
4842	1
4843	2
4844	1
4845	0
4846	1
4847	1
4848	0
4849	1
4850	1
4851	1
4852	0
4853	0
4854	1
4855	0
4856	0
4857	1
4858	0
4859	1
4860	0
4861	0
4862	0
4863	0
4864	0
4865	0
4866	0
4867	0
4868	0
4869	0
4870	0
4871	0
4872	0
4873	0
4874	0
4875	0
4876	0
4877	0
4878	0
4879	0
4880	0
4881	0
4882	0
4883	0
4884	0
4885	0
4886	0
4887	0
4888	0
4889	0
4890	0
4891	0
4892	0
4893	0
4894	0
4895	0
4896	0
4897	0
4898	0
4899	0
4900	0
4901	0
4902	0
4903	0
4904	0
4905	0
4906	0
4907	0
4908	0
4909	0
4910	0
4911	0
4912	0
4913	0
4914	0
4915	0
4916	0
4917	0
4918	0
4919	0
4920	0
4921	0
4922	0
4923	0
4924	0
4925	0
4926	0
4927	0
4928	0
4929	0
4930	0
4931	0
4932	0
4933	0
4934	0
4935	0
4936	0
4937	0
4938	0
4939	0
4940	0
4941	0
4942	0
4943	0
4944	0
4945	0
4946	0
4947	0
4948	0
4949	0
4950	0
4951	0
4952	0
4953	0
4954	0
4955	0
4956	0
4957	0
4958	0
4959	0
4960	0
4961	0
4962	0
4963	0
4964	0
4965	0
4966	0
4967	0
4968	0
4969	0
4970	0
4971	0
4972	0
4973	0
4974	0
4975	0
4976	0
4977	0
4978	0
4979	0
4980	0
4981	0
4982	0
4983	0
4984	0
4985	0
4986	0
4987	0
4988	0
4989	0
4990	0
4991	0
4992	0
4993	0
4994	0
4995	0
4996	0
4997	0
4998	0
4999	0
5000	0
5001	0
5002	0
5003	0
5004	0
5005	0
5006	0
5007	0
5008	0
5009	0
5010	0
5011	0
5012	0
5013	0
5014	0
5015	0
5016	0
5017	0
5018	0
5019	0
5020	0
5021	0
5022	0
5023	0
5024	0
5025	0
5026	0
5027	0
5028	0
5029	0
5030	0
5031	0
5032	0
5033	0
5034	0
5035	0
5036	0
5037	0
5038	0
5039	0
5040	0
5041	0
5042	0
5043	0
5044	0
5045	0
5046	0
5047	0
5048	0
5049	0
5050	0
5051	0
5052	0
5053	0
5054	0
5055	0
5056	0
5057	0
5058	0
5059	0
5060	0
5061	0
5062	0
5063	0
5064	0
5065	0
5066	0
5067	0
5068	0
5069	0
5070	0
5071	0
5072	0
5073	0
5074	0
5075	0
5076	0
5077	0
5078	0
5079	0
5080	0
5081	0
5082	0
5083	0
5084	0
5085	0
5086	0
5087	0
5088	0
5089	0
5090	0
5091	0
5092	0
5093	0
5094	0
5095	0
5096	0
5097	0
5098	0
5099	0
5100	0
5101	0
5102	0
5103	0
5104	0
5105	0
5106	0
5107	0
5108	0
5109	0
5110	0
5111	0
5112	0
5113	0
5114	0
5115	0
5116	0
5117	0
5118	0
5119	0
5120	0
5121	0
5122	0
5123	0
5124	0
5125	0
5126	0
5127	0
5128	0
5129	0
5130	0
5131	0
5132	0
5133	0
5134	0
5135	0
5136	0
5137	0
5138	0
5139	0
5140	0
5141	0
5142	0
5143	0
5144	0
5145	0
5146	0
5147	0
5148	0
5149	0
5150	0
5151	0
5152	0
5153	0
5154	0
5155	0
5156	0
5157	0
5158	0
5159	0
5160	0
5161	0
5162	0
5163	0
5164	0
5165	0
5166	0
5167	0
5168	0
5169	0
5170	0
5171	0
5172	0
5173	0
5174	0
5175	0
5176	0
5177	0
5178	0
5179	0
5180	0
5181	0
5182	0
5183	0
5184	0
5185	0
5186	0
5187	0
5188	0
5189	0
5190	0
5191	0
5192	0
5193	0
5194	0
5195	0
5196	0
5197	0
5198	0
5199	0
5200	0
5201	0
5202	0
5203	0
5204	0
5205	0
5206	0
5207	0
5208	0
5209	0
5210	0
5211	0
5212	0
5213	0
5214	0
5215	0
5216	0
5217	0
5218	0
5219	0
5220	0
5221	0
5222	0
5223	0
5224	0
5225	0
5226	0
5227	0
5228	0
5229	0
5230	0
5231	0
5232	0
5233	0
5234	0
5235	0
5236	0
5237	0
5238	0
5239	0
5240	0
5241	0
5242	0
5243	0
5244	0
5245	0
5246	0
5247	0
5248	0
5249	0
5250	0
5251	0
5252	0
5253	0
5254	0
5255	0
5256	0
5257	0
5258	0
5259	0
5260	0
5261	0
5262	0
5263	0
5264	0
5265	0
5266	0
5267	0
5268	0
5269	0
5270	0
5271	0
5272	0
5273	0
5274	0
5275	0
5276	0
5277	0
5278	0
5279	0
5280	0
5281	0
5282	0
5283	0
5284	0
5285	0
5286	0
5287	0
5288	0
5289	0
5290	0
5291	0
5292	0
5293	0
5294	0
5295	0
5296	0
5297	0
5298	0
5299	0
5300	0
5301	0
5302	0
5303	0
5304	0
5305	0
5306	0
5307	0
5308	0
5309	0
5310	0
5311	0
5312	0
5313	0
5314	0
5315	0
5316	0
5317	0
5318	0
5319	0
5320	0
5321	0
5322	0
5323	0
5324	0
5325	0
5326	0
5327	0
5328	0
5329	0
5330	0
5331	0
5332	0
5333	0
5334	0
5335	0
5336	0
5337	0
5338	0
5339	0
5340	0
5341	0
5342	0
5343	0
5344	0
5345	0
5346	0
5347	0
5348	0
5349	0
5350	0
5351	0
5352	0
5353	0
5354	0
5355	0
5356	0
5357	0
5358	0
5359	0
5360	0
5361	0
5362	0
5363	0
5364	0
5365	0
5366	0
5367	0
5368	0
5369	0
5370	0
5371	0
5372	0
5373	0
5374	0
5375	0
5376	0
5377	0
5378	0
5379	0
5380	0
5381	0
5382	0
5383	0
5384	0
5385	0
5386	0
5387	0
5388	0
5389	0
5390	0
5391	0
5392	0
5393	0
5394	0
5395	0
5396	0
5397	0
5398	0
5399	0
5400	0
5401	0
5402	0
5403	0
5404	0
5405	0
5406	0
5407	0
5408	0
5409	0
5410	0
5411	0
5412	0
5413	0
5414	0
5415	0
5416	0
5417	0
5418	0
5419	0
5420	0
5421	0
5422	0
5423	0
5424	0
5425	0
5426	0
5427	0
5428	0
5429	0
5430	0
5431	0
5432	0
5433	0
5434	0
5435	0
5436	0
5437	0
5438	0
5439	0
5440	0
5441	0
5442	0
5443	0
5444	0
5445	0
5446	0
5447	0
5448	0
5449	0
5450	0
5451	0
5452	0
5453	0
5454	0
5455	0
5456	0
5457	0
5458	0
5459	0
5460	0
5461	0
5462	0
5463	0
5464	0
5465	0
5466	0
5467	0
5468	0
5469	0
5470	0
5471	0
5472	0
5473	0
5474	0
5475	0
5476	0
5477	0
5478	0
5479	0
5480	0
5481	0
5482	0
5483	0
5484	0
5485	0
5486	0
5487	0
5488	0
5489	0
5490	0
5491	0
5492	0
5493	0
5494	0
5495	0
5496	0
5497	0
5498	0
5499	0
5500	0
5501	0
5502	0
5503	0
5504	0
5505	0
5506	0
5507	0
5508	0
5509	0
5510	0
5511	0
5512	0
5513	0
5514	0
5515	0
5516	0
5517	0
5518	0
5519	0
5520	0
5521	0
5522	0
5523	0
5524	0
5525	0
5526	0
5527	0
5528	0
5529	0
5530	0
5531	0
5532	0
5533	0
5534	0
5535	0
5536	0
5537	0
5538	0
5539	0
5540	0
5541	0
5542	0
5543	0
5544	0
5545	0
5546	0
5547	0
5548	0
5549	0
5550	0
5551	0
5552	0
5553	0
5554	0
5555	0
5556	0
5557	0
5558	0
5559	0
5560	0
5561	0
5562	0
5563	0
5564	0
5565	0
5566	0
5567	0
5568	0
5569	0
5570	0
5571	0
5572	0
5573	0
5574	0
5575	0
5576	0
5577	0
5578	0
5579	0
5580	0
5581	0
5582	0
5583	0
5584	0
5585	0
5586	0
5587	0
5588	0
5589	0
5590	0
5591	0
5592	0
5593	0
5594	0
5595	0
5596	0
5597	0
5598	0
5599	0
5600	0
5601	0
5602	0
5603	0
5604	0
5605	0
5606	0
5607	0
5608	0
5609	0
5610	0
5611	0
5612	0
5613	0
5614	0
5615	0
5616	0
5617	0
5618	0
5619	0
5620	0
5621	0
5622	0
5623	0
5624	0
5625	0
5626	0
5627	0
5628	0
5629	0
5630	0
5631	0
5632	0
5633	0
5634	0
5635	0
5636	0
5637	0
5638	0
5639	0
5640	0
5641	0
5642	0
5643	0
5644	0
5645	0
5646	0
5647	0
5648	0
5649	0
5650	0
5651	0
5652	0
5653	0
5654	0
5655	0
5656	0
5657	0
5658	0
5659	0
5660	0
5661	0
5662	0
5663	0
5664	0
5665	0
5666	0
5667	0
5668	0
5669	0
5670	0
5671	0
5672	0
5673	0
5674	0
5675	0
5676	0
5677	0
5678	0
5679	0
5680	0
5681	0
5682	0
5683	0
5684	0
5685	0
5686	0
5687	0
5688	0
5689	0
5690	0
5691	0
5692	0
5693	0
5694	0
5695	0
5696	0
5697	0
5698	0
5699	0
5700	0
5701	0
5702	0
5703	0
5704	0
5705	0
5706	0
5707	0
5708	0
5709	0
5710	0
5711	0
5712	0
5713	0
5714	0
5715	0
5716	0
5717	0
5718	0
5719	0
5720	0
5721	0
5722	0
5723	0
5724	0
5725	0
5726	0
5727	0
5728	0
5729	0
5730	0
5731	0
5732	0
5733	0
5734	0
5735	0
5736	0
5737	0
5738	0
5739	0
5740	0
5741	0
5742	0
5743	0
5744	0
5745	0
5746	0
5747	0
5748	0
5749	0
5750	0
5751	0
5752	0
5753	0
5754	0
5755	0
5756	0
5757	0
5758	0
5759	0
5760	0
5761	0
5762	0
5763	0
5764	0
5765	0
5766	0
5767	0
5768	0
5769	0
5770	0
5771	0
5772	0
5773	0
5774	0
5775	0
5776	0
5777	0
5778	0
5779	0
5780	0
5781	0
5782	0
5783	0
5784	0
5785	0
5786	0
5787	0
5788	0
5789	0
5790	0
5791	0
5792	0
5793	0
5794	0
5795	0
5796	0
5797	0
5798	0
5799	0
5800	0
5801	0
5802	0
5803	0
5804	0
5805	0
5806	0
5807	0
5808	0
5809	0
5810	0
5811	0
5812	0
5813	0
5814	0
5815	0
5816	0
5817	0
5818	0
5819	0
5820	0
5821	0
5822	0
5823	0
5824	0
5825	0
5826	0
5827	0
5828	0
5829	0
5830	0
5831	0
5832	0
5833	0
5834	0
5835	0
5836	0
5837	0
5838	0
5839	0
5840	0
5841	0
5842	0
5843	0
5844	0
5845	0
5846	0
5847	0
5848	0
5849	0
5850	0
5851	0
5852	0
5853	0
5854	0
5855	0
5856	0
5857	0
5858	0
5859	0
5860	0
5861	0
5862	0
5863	0
5864	0
5865	0
5866	0
5867	0
5868	0
5869	0
5870	0
5871	0
5872	0
5873	0
5874	0
5875	0
5876	0
5877	0
5878	0
5879	0
5880	0
5881	0
5882	0
5883	0
5884	0
5885	0
5886	0
5887	0
5888	0
5889	0
5890	0
5891	0
5892	0
5893	0
5894	0
5895	0
5896	0
5897	0
5898	0
5899	0
5900	0
5901	0
5902	0
5903	0
5904	0
5905	0
5906	0
5907	0
5908	0
5909	0
5910	0
5911	0
5912	0
5913	0
5914	0
5915	0
5916	0
5917	0
5918	0
5919	0
5920	0
5921	0
5922	0
5923	0
5924	0
5925	0
5926	0
5927	0
5928	0
5929	0
5930	0
5931	0
5932	0
5933	0
5934	0
5935	0
5936	0
5937	0
5938	0
5939	0
5940	0
5941	0
5942	0
5943	0
5944	0
5945	0
5946	0
5947	0
5948	0
5949	0
5950	0
5951	0
5952	0
5953	0
5954	0
5955	0
5956	0
5957	0
5958	0
5959	0
5960	0
5961	0
5962	0
5963	0
5964	0
5965	0
5966	0
5967	0
5968	0
5969	0
5970	0
5971	0
5972	0
5973	0
5974	0
5975	0
5976	0
5977	0
5978	0
5979	0
5980	0
5981	0
5982	0
5983	0
5984	0
5985	0
5986	0
5987	0
5988	0
5989	0
5990	0
5991	0
5992	0
5993	0
5994	0
5995	0
5996	0
5997	0
5998	0
5999	0
6000	0
6001	0
6002	0
6003	0
6004	0
6005	0
6006	0
6007	0
6008	0
6009	0
6010	0
6011	0
6012	0
6013	0
6014	0
6015	0
6016	0
6017	0
6018	0
6019	0
6020	0
6021	0
6022	0
6023	0
6024	0
6025	0
6026	0
6027	0
6028	0
6029	0
6030	0
6031	0
6032	0
6033	0
6034	0
6035	0
6036	0
6037	0
6038	0
6039	0
6040	0
6041	0
6042	0
6043	0
6044	0
6045	0
6046	0
6047	0
6048	0
6049	0
6050	0
6051	0
6052	0
6053	0
6054	0
6055	0
6056	0
6057	0
6058	0
6059	0
6060	0
6061	0
6062	0
6063	0
6064	0
6065	0
6066	0
6067	0
6068	0
6069	0
6070	0
6071	0
6072	0
6073	0
6074	0
6075	0
6076	0
6077	0
6078	0
6079	0
6080	0
6081	0
6082	0
6083	0
6084	0
6085	0
6086	0
6087	0
6088	0
6089	0
6090	0
6091	0
6092	0
6093	0
6094	0
6095	0
6096	0
6097	0
6098	0
6099	0
6100	0
6101	0
6102	0
6103	0
6104	0
6105	0
6106	0
6107	0
6108	0
6109	0
6110	0
6111	0
6112	0
6113	0
6114	0
6115	0
6116	0
6117	0
6118	0
6119	0
6120	0
6121	0
6122	0
6123	0
6124	0
6125	0
6126	0
6127	0
6128	0
6129	0
6130	0
6131	0
6132	0
6133	0
6134	0
6135	0
6136	0
6137	0
6138	0
6139	0
6140	0
6141	0
6142	0
6143	0
6144	0
6145	0
6146	0
6147	0
6148	0
6149	0
6150	0
6151	0
6152	0
6153	0
6154	0
6155	0
6156	0
6157	0
6158	0
6159	0
6160	0
6161	0
6162	0
6163	0
6164	0
6165	0
6166	0
6167	0
6168	0
6169	0
6170	0
6171	0
6172	0
6173	0
6174	0
6175	0
6176	0
6177	0
6178	0
6179	0
6180	0
6181	0
6182	0
6183	0
6184	0
6185	0
6186	0
6187	0
6188	0
6189	0
6190	0
6191	0
6192	0
6193	0
6194	0
6195	0
6196	0
6197	0
6198	0
6199	0
6200	0
6201	0
6202	0
6203	0
6204	0
6205	0
6206	0
6207	0
6208	0
6209	0
6210	0
6211	0
6212	0
6213	0
6214	0
6215	0
6216	0
6217	0
6218	0
6219	0
6220	0
6221	0
6222	0
6223	0
6224	0
6225	0
6226	0
6227	0
6228	0
6229	0
6230	0
6231	0
6232	0
6233	0
6234	0
6235	0
6236	0
6237	0
6238	0
6239	0
6240	0
6241	0
6242	0
6243	0
6244	0
6245	0
6246	0
6247	0
6248	0
6249	0
6250	0
6251	0
6252	0
6253	0
6254	0
6255	0
6256	0
6257	0
6258	0
6259	0
6260	0
6261	0
6262	0
6263	0
6264	0
6265	0
6266	0
6267	0
6268	0
6269	0
6270	0
6271	0
6272	0
6273	0
6274	0
6275	0
6276	0
6277	0
6278	0
6279	0
6280	0
6281	0
6282	0
6283	0
6284	0
6285	0
6286	0
6287	0
6288	0
6289	0
6290	0
6291	0
6292	0
6293	0
6294	0
6295	0
6296	0
6297	0
6298	0
6299	0
6300	0
6301	0
6302	0
6303	0
6304	0
6305	0
6306	0
6307	0
6308	0
6309	0
6310	0
6311	0
6312	0
6313	0
6314	0
6315	0
6316	0
6317	0
6318	0
6319	0
6320	0
6321	0
6322	0
6323	0
6324	0
6325	0
6326	0
6327	0
6328	0
6329	0
6330	0
6331	0
6332	0
6333	0
6334	0
6335	0
6336	0
6337	0
6338	0
6339	0
6340	0
6341	0
6342	0
6343	0
6344	0
6345	0
6346	0
6347	0
6348	0
6349	0
6350	0
6351	0
6352	0
6353	0
6354	0
6355	0
6356	0
6357	0
6358	0
6359	0
6360	0
6361	0
6362	0
6363	0
6364	0
6365	0
6366	0
6367	0
6368	0
6369	0
6370	0
6371	0
6372	0
6373	0
6374	0
6375	0
6376	0
6377	0
6378	0
6379	0
6380	0
6381	0
6382	0
6383	0
6384	0
6385	0
6386	0
6387	0
6388	0
6389	0
6390	0
6391	0
6392	0
6393	0
6394	0
6395	0
6396	0
6397	0
6398	0
6399	0
6400	0
6401	0
6402	0
6403	0
6404	0
6405	0
6406	0
6407	0
6408	0
6409	0
6410	0
6411	0
6412	0
6413	0
6414	0
6415	0
6416	0
6417	0
6418	0
6419	0
6420	0
6421	0
6422	0
6423	0
6424	0
6425	0
6426	0
6427	0
6428	0
6429	0
6430	0
6431	0
6432	0
6433	0
6434	0
6435	0
6436	0
6437	0
6438	0
6439	0
6440	0
6441	0
6442	0
6443	0
6444	0
6445	0
6446	0
6447	0
6448	0
6449	0
6450	0
6451	0
6452	0
6453	0
6454	0
6455	0
6456	0
6457	0
6458	0
6459	0
6460	0
6461	0
6462	0
6463	0
6464	0
6465	0
6466	0
6467	0
6468	0
6469	0
6470	0
6471	0
6472	0
6473	0
6474	0
6475	0
6476	0
6477	0
6478	0
6479	0
6480	0
6481	0
6482	0
6483	0
6484	0
6485	0
6486	0
6487	0
6488	0
6489	0
6490	0
6491	0
6492	0
6493	0
6494	0
6495	0
6496	0
6497	0
6498	0
6499	0
6500	0
6501	0
6502	0
6503	0
6504	0
6505	0
6506	0
6507	0
6508	0
6509	0
6510	0
6511	0
6512	0
6513	0
6514	0
6515	0
6516	0
6517	0
6518	0
6519	0
6520	0
6521	0
6522	0
6523	0
6524	0
6525	0
6526	0
6527	0
6528	0
6529	0
6530	0
6531	0
6532	0
6533	0
6534	0
6535	0
6536	0
6537	0
6538	0
6539	0
6540	0
6541	0
6542	0
6543	0
6544	0
6545	0
6546	0
6547	0
6548	0
6549	0
6550	0
6551	0
6552	0
6553	0
6554	0
6555	0
6556	0
6557	0
6558	0
6559	0
6560	0
6561	0
6562	0
6563	0
6564	0
6565	0
6566	0
6567	0
6568	0
6569	0
6570	0
6571	0
6572	0
6573	0
6574	0
6575	0
6576	0
6577	0
6578	0
6579	0
6580	0
6581	0
6582	0
6583	0
6584	0
6585	0
6586	0
6587	0
6588	0
6589	0
6590	0
6591	0
6592	0
6593	0
6594	0
6595	0
6596	0
6597	0
6598	0
6599	0
6600	0
6601	0
6602	0
6603	0
6604	0
6605	0
6606	0
6607	0
6608	0
6609	0
6610	0
6611	0
6612	0
6613	0
6614	0
6615	0
6616	0
6617	0
6618	0
6619	0
6620	0
6621	0
6622	0
6623	0
6624	0
6625	0
6626	0
6627	0
6628	0
6629	0
6630	0
6631	0
6632	0
6633	0
6634	0
6635	0
6636	0
6637	0
6638	0
6639	0
6640	0
6641	0
6642	0
6643	0
6644	0
6645	0
6646	0
6647	0
6648	0
6649	0
6650	0
6651	0
6652	0
6653	0
6654	0
6655	0
6656	0
6657	0
6658	0
6659	0
6660	0
6661	0
6662	0
6663	0
6664	0
6665	0
6666	0
6667	0
6668	0
6669	0
6670	0
6671	0
6672	0
6673	0
6674	0
6675	0
6676	0
6677	0
6678	0
6679	0
6680	0
6681	0
6682	0
6683	0
6684	0
6685	0
6686	0
6687	0
6688	0
6689	0
6690	0
6691	0
6692	0
6693	0
6694	0
6695	0
6696	0
6697	0
6698	0
6699	0
6700	0
6701	0
6702	0
6703	0
6704	0
6705	0
6706	0
6707	0
6708	0
6709	0
6710	0
6711	0
6712	0
6713	0
6714	0
6715	0
6716	0
6717	0
6718	0
6719	0
6720	0
6721	0
6722	0
6723	0
6724	0
6725	0
6726	0
6727	0
6728	0
6729	0
6730	0
6731	0
6732	0
6733	0
6734	0
6735	0
6736	0
6737	0
6738	0
6739	0
6740	0
6741	0
6742	0
6743	0
6744	0
6745	0
6746	0
6747	0
6748	0
6749	0
6750	0
6751	0
6752	0
6753	0
6754	0
6755	0
6756	0
6757	0
6758	0
6759	0
6760	0
6761	0
6762	0
6763	0
6764	0
6765	0
6766	0
6767	0
6768	0
6769	0
6770	0
6771	0
6772	0
6773	0
6774	0
6775	0
6776	0
6777	0
6778	0
6779	0
6780	0
6781	0
6782	0
6783	0
6784	0
6785	0
6786	0
6787	0
6788	0
6789	0
6790	0
6791	0
6792	0
6793	0
6794	0
6795	0
6796	0
6797	0
6798	0
6799	0
6800	0
6801	0
6802	0
6803	0
6804	0
6805	0
6806	0
6807	0
6808	0
6809	0
6810	0
6811	0
6812	0
6813	0
6814	0
6815	0
6816	0
6817	0
6818	0
6819	0
6820	0
6821	0
6822	0
6823	0
6824	0
6825	0
6826	0
6827	0
6828	0
6829	0
6830	0
6831	0
6832	0
6833	0
6834	0
6835	0
6836	0
6837	0
6838	0
6839	0
6840	0
6841	0
6842	0
6843	0
6844	0
6845	0
6846	0
6847	0
6848	0
6849	0
6850	0
6851	0
6852	0
6853	0
6854	0
6855	0
6856	0
6857	0
6858	0
6859	0
6860	0
6861	0
6862	0
6863	0
6864	0
6865	0
6866	0
6867	0
6868	0
6869	0
6870	0
6871	0
6872	0
6873	0
6874	0
6875	0
6876	0
6877	0
6878	0
6879	0
6880	0
6881	0
6882	0
6883	0
6884	0
6885	0
6886	0
6887	0
6888	0
6889	0
6890	0
6891	0
6892	0
6893	0
6894	0
6895	0
6896	0
6897	0
6898	0
6899	0
6900	0
6901	0
6902	0
6903	0
6904	0
6905	0
6906	0
6907	0
6908	0
6909	0
6910	0
6911	0
6912	0
6913	0
6914	0
6915	0
6916	0
6917	0
6918	0
6919	0
6920	0
6921	0
6922	0
6923	0
6924	0
6925	0
6926	0
6927	0
6928	0
6929	0
6930	0
6931	0
6932	0
6933	0
6934	0
6935	0
6936	0
6937	0
6938	0
6939	0
6940	0
6941	0
6942	0
6943	0
6944	0
6945	0
6946	0
6947	0
6948	0
6949	0
6950	0
6951	0
6952	0
6953	0
6954	0
6955	0
6956	0
6957	0
6958	0
6959	0
6960	0
6961	0
6962	0
6963	0
6964	0
6965	0
6966	0
6967	0
6968	0
6969	0
6970	0
6971	0
6972	0
6973	0
6974	0
6975	0
6976	0
6977	0
6978	0
6979	0
6980	0
6981	0
6982	0
6983	0
6984	0
6985	0
6986	0
6987	0
6988	0
6989	0
6990	0
6991	0
6992	0
6993	0
6994	0
6995	0
6996	0
6997	0
6998	0
6999	0
7000	0
7001	0
7002	0
7003	0
7004	0
7005	0
7006	0
7007	0
7008	0
7009	0
7010	0
7011	0
7012	0
7013	0
7014	0
7015	0
7016	0
7017	0
7018	0
7019	0
7020	0
7021	0
7022	0
7023	0
7024	0
7025	0
7026	0
7027	0
7028	0
7029	0
7030	0
7031	0
7032	0
7033	0
7034	0
7035	0
7036	0
7037	0
7038	0
7039	0
7040	0
7041	0
7042	0
7043	0
7044	0
7045	0
7046	0
7047	0
7048	0
7049	0
7050	0
7051	0
7052	0
7053	0
7054	0
7055	0
7056	0
7057	0
7058	0
7059	0
7060	0
7061	0
7062	0
7063	0
7064	0
7065	0
7066	0
7067	0
7068	0
7069	0
7070	0
7071	0
7072	0
7073	0
7074	0
7075	0
7076	0
7077	0
7078	0
7079	0
7080	0
7081	0
7082	0
7083	0
7084	0
7085	0
7086	0
7087	0
7088	0
7089	0
7090	0
7091	0
7092	0
7093	0
7094	0
7095	0
7096	0
7097	0
7098	0
7099	0
7100	0
7101	0
7102	0
7103	0
7104	0
7105	0
7106	0
7107	0
7108	0
7109	0
7110	0
7111	0
7112	0
7113	0
7114	0
7115	0
7116	0
7117	0
7118	0
7119	0
7120	0
7121	0
7122	0
7123	0
7124	0
7125	0
7126	0
7127	0
7128	0
7129	0
7130	0
7131	0
7132	0
7133	0
7134	0
7135	0
7136	0
7137	0
7138	0
7139	0
7140	0
7141	0
7142	0
7143	0
7144	0
7145	0
7146	0
7147	0
7148	0
7149	0
7150	0
7151	0
7152	0
7153	0
7154	0
7155	0
7156	0
7157	0
7158	0
7159	0
7160	0
7161	0
7162	0
7163	0
7164	0
7165	0
7166	0
7167	0
7168	0
7169	0
7170	0
7171	0
7172	0
7173	0
7174	0
7175	0
7176	0
7177	0
7178	0
7179	0
7180	0
7181	0
7182	0
7183	0
7184	0
7185	0
7186	0
7187	0
7188	0
7189	0
7190	0
7191	0
7192	0
7193	0
7194	0
7195	0
7196	0
7197	0
7198	0
7199	0
7200	0
7201	0
7202	0
7203	0
7204	0
7205	0
7206	0
7207	0
7208	0
7209	0
7210	0
7211	0
7212	0
7213	0
7214	0
7215	0
7216	0
7217	0
7218	0
7219	0
7220	0
7221	0
7222	0
7223	0
7224	0
7225	0
7226	0
7227	0
7228	0
7229	0
7230	0
7231	0
7232	0
7233	0
7234	0
7235	0
7236	0
7237	0
7238	0
7239	0
7240	0
7241	0
7242	0
7243	0
7244	0
7245	0
7246	0
7247	0
7248	0
7249	0
7250	0
7251	0
7252	0
7253	0
7254	0
7255	0
7256	0
7257	0
7258	0
7259	0
7260	0
7261	0
7262	0
7263	0
7264	0
7265	0
7266	0
7267	0
7268	0
7269	0
7270	0
7271	0
7272	0
7273	0
7274	0
7275	0
7276	0
7277	0
7278	0
7279	0
7280	0
7281	0
7282	0
7283	0
7284	0
7285	0
7286	0
7287	0
7288	0
7289	0
7290	0
7291	0
7292	0
7293	0
7294	0
7295	0
7296	0
7297	0
7298	0
7299	0
7300	0
7301	0
7302	0
7303	0
7304	0
7305	0
7306	0
7307	0
7308	0
7309	0
7310	0
7311	0
7312	0
7313	0
7314	0
7315	0
7316	0
7317	0
7318	0
7319	0
7320	0
7321	0
7322	0
7323	0
7324	0
7325	0
7326	0
7327	0
7328	0
7329	0
7330	0
7331	0
7332	0
7333	0
7334	0
7335	0
7336	0
7337	0
7338	0
7339	0
7340	0
7341	0
7342	0
7343	0
7344	0
7345	0
7346	0
7347	0
7348	0
7349	0
7350	0
7351	0
7352	0
7353	0
7354	0
7355	0
7356	0
7357	0
7358	0
7359	0
7360	0
7361	0
7362	0
7363	0
7364	0
7365	0
7366	0
7367	0
7368	0
7369	0
7370	0
7371	0
7372	0
7373	0
7374	0
7375	0
7376	0
7377	0
7378	0
7379	0
7380	0
7381	0
7382	0
7383	0
7384	0
7385	0
7386	0
7387	0
7388	0
7389	0
7390	0
7391	0
7392	0
7393	0
7394	0
7395	0
7396	0
7397	0
7398	0
7399	0
7400	0
7401	0
7402	0
7403	0
7404	0
7405	0
7406	0
7407	0
7408	0
7409	0
7410	0
7411	0
7412	0
7413	0
7414	0
7415	0
7416	0
7417	0
7418	0
7419	0
7420	0
7421	0
7422	0
7423	0
7424	0
7425	0
7426	0
7427	0
7428	0
7429	0
7430	0
7431	0
7432	0
7433	0
7434	0
7435	0
7436	0
7437	0
7438	0
7439	0
7440	0
7441	0
7442	0
7443	0
7444	0
7445	0
7446	0
7447	0
7448	0
7449	0
7450	0
7451	0
7452	0
7453	0
7454	0
7455	0
7456	0
7457	0
7458	0
7459	0
7460	0
7461	0
7462	0
7463	0
7464	0
7465	0
7466	0
7467	0
7468	0
7469	0
7470	0
7471	0
7472	0
7473	0
7474	0
7475	0
7476	0
7477	0
7478	0
7479	0
7480	0
7481	0
7482	0
7483	0
7484	0
7485	0
7486	0
7487	0
7488	0
7489	0
7490	0
7491	0
7492	0
7493	0
7494	0
7495	0
7496	0
7497	0
7498	0
7499	0
7500	0
7501	0
7502	0
7503	0
7504	0
7505	0
7506	0
7507	0
7508	0
7509	0
7510	0
7511	0
7512	0
7513	0
7514	0
7515	0
7516	0
7517	0
7518	0
7519	0
7520	0
7521	0
7522	0
7523	0
7524	0
7525	0
7526	0
7527	0
7528	0
7529	0
7530	0
7531	0
7532	0
7533	0
7534	0
7535	0
7536	0
7537	0
7538	0
7539	0
7540	0
7541	0
7542	0
7543	0
7544	0
7545	0
7546	0
7547	0
7548	0
7549	0
7550	0
7551	0
7552	0
7553	0
7554	0
7555	0
7556	0
7557	0
7558	0
7559	0
7560	0
7561	0
7562	0
7563	0
7564	0
7565	0
7566	0
7567	0
7568	0
7569	0
7570	0
7571	0
7572	0
7573	0
7574	0
7575	0
7576	0
7577	0
7578	0
7579	0
7580	0
7581	0
7582	0
7583	0
7584	0
7585	0
7586	0
7587	0
7588	0
7589	0
7590	0
7591	0
7592	0
7593	0
7594	0
7595	0
7596	0
7597	0
7598	0
7599	0
7600	0
7601	0
7602	0
7603	0
7604	0
7605	0
7606	0
7607	0
7608	0
7609	0
7610	0
7611	0
7612	0
7613	0
7614	0
7615	0
7616	0
7617	0
7618	0
7619	0
7620	0
7621	0
7622	0
7623	0
7624	0
7625	0
7626	0
7627	0
7628	0
7629	0
7630	0
7631	0
7632	0
7633	0
7634	0
7635	0
7636	0
7637	0
7638	0
7639	0
7640	0
7641	0
7642	0
7643	0
7644	0
7645	0
7646	0
7647	0
7648	0
7649	0
7650	0
7651	0
7652	0
7653	0
7654	0
7655	0
7656	0
7657	0
7658	0
7659	0
7660	0
7661	0
7662	0
7663	0
7664	0
7665	0
7666	0
7667	0
7668	0
7669	0
7670	0
7671	0
7672	0
7673	0
7674	0
7675	0
7676	0
7677	0
7678	0
7679	0
7680	0
7681	0
7682	0
7683	0
7684	0
7685	0
7686	0
7687	0
7688	0
7689	0
7690	0
7691	0
7692	0
7693	0
7694	0
7695	0
7696	0
7697	0
7698	0
7699	0
7700	0
7701	0
7702	0
7703	0
7704	0
7705	0
7706	0
7707	0
7708	0
7709	0
7710	0
7711	0
7712	0
7713	0
7714	0
7715	0
7716	0
7717	0
7718	0
7719	0
7720	0
7721	0
7722	0
7723	0
7724	0
7725	0
7726	0
7727	0
7728	0
7729	0
7730	0
7731	0
7732	0
7733	0
7734	0
7735	0
7736	0
7737	0
7738	0
7739	0
7740	0
7741	0
7742	0
7743	0
7744	0
7745	0
7746	0
7747	0
7748	0
7749	0
7750	0
7751	0
7752	0
7753	0
7754	0
7755	0
7756	0
7757	0
7758	0
7759	0
7760	0
7761	0
7762	0
7763	0
7764	0
7765	0
7766	0
7767	0
7768	0
7769	0
7770	0
7771	0
7772	0
7773	0
7774	0
7775	0
7776	0
7777	0
7778	0
7779	0
7780	0
7781	0
7782	0
7783	0
7784	0
7785	0
7786	0
7787	0
7788	0
7789	0
7790	0
7791	0
7792	0
7793	0
7794	0
7795	0
7796	0
7797	0
7798	0
7799	0
7800	0
7801	0
7802	0
7803	0
7804	0
7805	0
7806	0
7807	0
7808	0
7809	0
7810	0
7811	0
7812	0
7813	0
7814	0
7815	0
7816	0
7817	0
7818	0
7819	0
7820	0
7821	0
7822	0
7823	0
7824	0
7825	0
7826	0
7827	0
7828	0
7829	0
7830	0
7831	0
7832	0
7833	0
7834	0
7835	0
7836	0
7837	0
7838	0
7839	0
7840	0
7841	0
7842	0
7843	0
7844	0
7845	0
7846	0
7847	0
7848	0
7849	0
7850	0
7851	0
7852	0
7853	0
7854	0
7855	0
7856	0
7857	0
7858	0
7859	0
7860	0
7861	0
7862	0
7863	0
7864	0
7865	0
7866	0
7867	0
7868	0
7869	0
7870	0
7871	0
7872	0
7873	0
7874	0
7875	0
7876	0
7877	0
7878	0
7879	0
7880	0
7881	0
7882	0
7883	0
7884	0
7885	0
7886	0
7887	0
7888	0
7889	0
7890	0
7891	0
7892	0
7893	0
7894	0
7895	0
7896	0
7897	0
7898	0
7899	0
7900	0
7901	0
7902	0
7903	0
7904	0
7905	0
7906	0
7907	0
7908	0
7909	0
7910	0
7911	0
7912	0
7913	0
7914	0
7915	0
7916	0
7917	0
7918	0
7919	0
7920	0
7921	0
7922	0
7923	0
7924	0
7925	0
7926	0
7927	0
7928	0
7929	0
7930	0
7931	0
7932	0
7933	0
7934	0
7935	0
7936	0
7937	0
7938	0
7939	0
7940	0
7941	0
7942	0
7943	0
7944	0
7945	0
7946	0
7947	0
7948	0
7949	0
7950	0
7951	0
7952	0
7953	0
7954	0
7955	0
7956	0
7957	0
7958	0
7959	0
7960	0
7961	0
7962	0
7963	0
7964	0
7965	0
7966	0
7967	0
7968	0
7969	0
7970	0
7971	0
7972	0
7973	0
7974	0
7975	0
7976	0
7977	0
7978	0
7979	0
7980	0
7981	0
7982	0
7983	0
7984	0
7985	0
7986	0
7987	0
7988	0
7989	0
7990	0
7991	0
7992	0
7993	0
7994	0
7995	0
7996	0
7997	0
7998	0
7999	0
8000	0
8001	0
8002	0
8003	0
8004	0
8005	0
8006	0
8007	0
8008	0
8009	0
8010	0
8011	0
8012	0
8013	0
8014	0
8015	0
8016	0
8017	0
8018	0
8019	0
8020	0
8021	0
8022	0
8023	0
8024	0
8025	0
8026	0
8027	0
8028	0
8029	0
8030	0
8031	0
8032	0
8033	0
8034	0
8035	0
8036	0
8037	0
8038	0
8039	0
8040	0
8041	0
8042	0
8043	0
8044	0
8045	0
8046	0
8047	0
8048	0
8049	0
8050	0
8051	0
8052	0
8053	0
8054	0
8055	0
8056	0
8057	0
8058	0
8059	0
8060	0
8061	0
8062	0
8063	0
8064	0
8065	0
8066	0
8067	0
8068	0
8069	0
8070	0
8071	0
8072	0
8073	0
8074	0
8075	0
8076	0
8077	0
8078	0
8079	0
8080	0
8081	0
8082	0
8083	0
8084	0
8085	0
8086	0
8087	0
8088	0
8089	0
8090	0
8091	0
8092	0
8093	0
8094	0
8095	0
8096	0
8097	0
8098	0
8099	0
8100	0
8101	0
8102	0
8103	0
8104	0
8105	0
8106	0
8107	0
8108	0
8109	0
8110	0
8111	0
8112	0
8113	0
8114	0
8115	0
8116	0
8117	0
8118	0
8119	0
8120	0
8121	0
8122	0
8123	0
8124	0
8125	0
8126	0
8127	0
8128	0
8129	0
8130	0
8131	0
8132	0
8133	0
8134	0
8135	0
8136	0
8137	0
8138	0
8139	0
8140	0
8141	0
8142	0
8143	0
8144	0
8145	0
8146	0
8147	0
8148	0
8149	0
8150	0
8151	0
8152	0
8153	0
8154	0
8155	0
8156	0
8157	0
8158	0
8159	0
8160	0
8161	0
8162	0
8163	0
8164	0
8165	0
8166	0
8167	0
8168	0
8169	0
8170	0
8171	0
8172	0
8173	0
8174	0
8175	0
8176	0
8177	0
8178	0
8179	0
8180	0
8181	0
8182	0
8183	0
8184	0
8185	0
8186	0
8187	0
8188	0
8189	0
8190	0
8191	0

