% Spectrum for month 8, day 17.
%
% The first column contains the channel number (0-8191)
% and the second contains the number of counts in that channel.
%
% E1 = 0.8159 MeV
% E2 = 0.9848 MeV
% E3 = 2.5207 MeV
%
0	291
1	332
2	294
3	303
4	307
5	287
6	315
7	308
8	334
9	319
10	301
11	300
12	305
13	328
14	362
15	324
16	305
17	335
18	314
19	340
20	323
21	320
22	295
23	308
24	342
25	345
26	326
27	320
28	348
29	368
30	294
31	305
32	321
33	354
34	325
35	315
36	332
37	337
38	323
39	327
40	313
41	356
42	341
43	324
44	364
45	322
46	338
47	349
48	323
49	337
50	371
51	353
52	333
53	414
54	348
55	343
56	331
57	329
58	341
59	334
60	347
61	374
62	362
63	351
64	327
65	361
66	361
67	355
68	346
69	362
70	353
71	331
72	362
73	378
74	355
75	357
76	349
77	360
78	356
79	367
80	333
81	313
82	394
83	387
84	387
85	375
86	380
87	348
88	352
89	383
90	354
91	389
92	362
93	365
94	368
95	350
96	417
97	360
98	359
99	390
100	401
101	381
102	396
103	376
104	399
105	358
106	396
107	378
108	387
109	382
110	402
111	410
112	399
113	418
114	407
115	390
116	396
117	407
118	390
119	424
120	357
121	361
122	385
123	405
124	403
125	410
126	401
127	425
128	417
129	394
130	369
131	448
132	413
133	401
134	421
135	414
136	456
137	385
138	384
139	428
140	399
141	428
142	407
143	448
144	415
145	432
146	406
147	456
148	420
149	450
150	412
151	413
152	449
153	484
154	452
155	383
156	434
157	456
158	452
159	410
160	443
161	460
162	449
163	410
164	404
165	426
166	410
167	439
168	446
169	433
170	456
171	446
172	451
173	437
174	466
175	423
176	454
177	475
178	431
179	433
180	473
181	457
182	439
183	469
184	434
185	439
186	465
187	491
188	487
189	459
190	500
191	454
192	455
193	446
194	447
195	417
196	492
197	469
198	467
199	467
200	476
201	461
202	505
203	434
204	399
205	511
206	482
207	474
208	456
209	448
210	473
211	504
212	469
213	466
214	478
215	473
216	489
217	498
218	503
219	461
220	494
221	519
222	473
223	486
224	485
225	417
226	513
227	503
228	462
229	472
230	506
231	512
232	493
233	450
234	511
235	511
236	508
237	519
238	509
239	520
240	507
241	532
242	537
243	491
244	482
245	521
246	496
247	555
248	499
249	522
250	515
251	514
252	572
253	497
254	500
255	532
256	506
257	516
258	546
259	535
260	510
261	499
262	486
263	511
264	530
265	548
266	521
267	533
268	551
269	534
270	527
271	498
272	524
273	524
274	500
275	514
276	546
277	521
278	532
279	590
280	527
281	531
282	515
283	555
284	548
285	581
286	528
287	579
288	553
289	540
290	567
291	525
292	582
293	543
294	561
295	550
296	584
297	506
298	569
299	588
300	502
301	525
302	558
303	561
304	543
305	528
306	548
307	581
308	558
309	603
310	549
311	597
312	578
313	548
314	552
315	555
316	576
317	570
318	562
319	600
320	575
321	555
322	573
323	590
324	582
325	568
326	590
327	539
328	589
329	633
330	603
331	568
332	525
333	581
334	572
335	599
336	610
337	601
338	589
339	595
340	637
341	604
342	574
343	571
344	629
345	608
346	542
347	600
348	554
349	589
350	621
351	593
352	624
353	614
354	629
355	595
356	599
357	596
358	631
359	602
360	662
361	630
362	611
363	559
364	619
365	639
366	629
367	605
368	608
369	618
370	597
371	597
372	617
373	579
374	613
375	653
376	619
377	575
378	603
379	625
380	671
381	616
382	585
383	623
384	596
385	634
386	579
387	619
388	631
389	677
390	676
391	674
392	622
393	638
394	601
395	651
396	651
397	658
398	639
399	609
400	676
401	674
402	626
403	685
404	625
405	616
406	659
407	663
408	647
409	630
410	622
411	650
412	655
413	655
414	632
415	617
416	663
417	653
418	668
419	680
420	704
421	631
422	677
423	695
424	641
425	678
426	657
427	622
428	652
429	643
430	630
431	655
432	658
433	689
434	634
435	701
436	696
437	652
438	715
439	669
440	727
441	678
442	677
443	714
444	730
445	669
446	657
447	726
448	694
449	711
450	688
451	664
452	673
453	656
454	669
455	738
456	671
457	678
458	712
459	718
460	716
461	662
462	724
463	667
464	680
465	704
466	728
467	691
468	729
469	696
470	762
471	676
472	713
473	724
474	734
475	732
476	720
477	719
478	713
479	753
480	697
481	746
482	748
483	724
484	758
485	693
486	732
487	742
488	716
489	783
490	773
491	754
492	734
493	739
494	696
495	710
496	721
497	679
498	743
499	760
500	710
501	781
502	738
503	744
504	744
505	717
506	781
507	754
508	791
509	756
510	772
511	732
512	735
513	731
514	731
515	714
516	745
517	746
518	770
519	754
520	779
521	731
522	714
523	769
524	767
525	774
526	818
527	773
528	737
529	731
530	769
531	750
532	736
533	779
534	775
535	769
536	701
537	736
538	793
539	769
540	799
541	750
542	769
543	794
544	801
545	780
546	753
547	772
548	806
549	792
550	791
551	753
552	800
553	801
554	787
555	809
556	727
557	766
558	778
559	833
560	786
561	783
562	785
563	782
564	818
565	809
566	815
567	819
568	805
569	783
570	799
571	810
572	781
573	816
574	819
575	747
576	828
577	807
578	783
579	836
580	856
581	783
582	827
583	801
584	831
585	867
586	819
587	821
588	831
589	856
590	818
591	873
592	844
593	825
594	779
595	813
596	866
597	835
598	816
599	846
600	806
601	879
602	881
603	816
604	818
605	869
606	837
607	833
608	866
609	858
610	831
611	835
612	831
613	875
614	836
615	878
616	900
617	878
618	860
619	874
620	836
621	884
622	853
623	898
624	866
625	877
626	836
627	885
628	834
629	889
630	857
631	861
632	847
633	920
634	892
635	835
636	868
637	852
638	845
639	891
640	812
641	880
642	911
643	841
644	832
645	874
646	865
647	888
648	869
649	919
650	921
651	892
652	836
653	889
654	883
655	885
656	934
657	852
658	909
659	912
660	936
661	856
662	870
663	905
664	919
665	883
666	873
667	915
668	871
669	875
670	912
671	892
672	860
673	869
674	881
675	863
676	884
677	912
678	907
679	915
680	887
681	908
682	890
683	857
684	953
685	891
686	932
687	912
688	855
689	902
690	921
691	922
692	951
693	929
694	896
695	951
696	982
697	979
698	917
699	949
700	939
701	882
702	969
703	913
704	907
705	936
706	979
707	913
708	921
709	983
710	913
711	880
712	878
713	931
714	933
715	937
716	970
717	946
718	1004
719	933
720	931
721	936
722	952
723	916
724	951
725	938
726	912
727	907
728	993
729	992
730	899
731	984
732	972
733	896
734	959
735	983
736	953
737	969
738	971
739	983
740	983
741	945
742	978
743	964
744	981
745	1005
746	917
747	947
748	993
749	954
750	989
751	1011
752	939
753	958
754	949
755	990
756	988
757	932
758	1000
759	963
760	1023
761	985
762	961
763	946
764	1025
765	993
766	1015
767	1016
768	958
769	964
770	991
771	1070
772	944
773	987
774	1022
775	1002
776	995
777	1022
778	981
779	979
780	986
781	998
782	1050
783	997
784	962
785	968
786	1032
787	981
788	1031
789	956
790	924
791	989
792	995
793	1032
794	990
795	1000
796	1010
797	1002
798	997
799	1041
800	992
801	980
802	1040
803	985
804	1000
805	1019
806	969
807	972
808	981
809	982
810	1017
811	955
812	1042
813	1002
814	1077
815	994
816	1103
817	1059
818	1059
819	978
820	1000
821	1057
822	1001
823	1041
824	1043
825	1030
826	1045
827	1031
828	1042
829	1049
830	991
831	1023
832	1043
833	1025
834	1062
835	988
836	1056
837	1030
838	1053
839	981
840	1093
841	1043
842	1019
843	1047
844	1029
845	1035
846	1053
847	1047
848	1020
849	1024
850	993
851	1041
852	1104
853	1036
854	1067
855	1034
856	1094
857	1062
858	1003
859	1102
860	1065
861	1030
862	1001
863	1029
864	1009
865	1067
866	1053
867	1091
868	1038
869	1089
870	1084
871	1018
872	1121
873	1108
874	1030
875	1049
876	1078
877	1070
878	1071
879	1115
880	1086
881	1097
882	1081
883	1074
884	1128
885	1099
886	1068
887	1114
888	1102
889	1128
890	1060
891	1099
892	1032
893	1060
894	1052
895	1080
896	1049
897	1051
898	1053
899	1066
900	1064
901	1086
902	1076
903	1083
904	1098
905	1054
906	1089
907	1060
908	1073
909	1079
910	1128
911	1068
912	1131
913	1125
914	1055
915	1107
916	1100
917	1105
918	1063
919	1097
920	1135
921	1130
922	1162
923	1152
924	1137
925	1108
926	1132
927	1171
928	1164
929	1212
930	1086
931	1098
932	1101
933	1088
934	1089
935	1154
936	1102
937	1190
938	1106
939	1140
940	1127
941	1145
942	1073
943	1160
944	1126
945	1101
946	1160
947	1163
948	1118
949	1160
950	1094
951	1115
952	1140
953	1126
954	1120
955	1090
956	1075
957	1183
958	1154
959	1119
960	1127
961	1140
962	1147
963	1120
964	1073
965	1102
966	1182
967	1120
968	1132
969	1130
970	1128
971	1185
972	1147
973	1187
974	1102
975	1159
976	1188
977	1169
978	1224
979	1139
980	1114
981	1200
982	1159
983	1193
984	1179
985	1248
986	1154
987	1141
988	1171
989	1187
990	1240
991	1191
992	1196
993	1145
994	1199
995	1149
996	1229
997	1194
998	1195
999	1184
1000	1205
1001	1188
1002	1231
1003	1155
1004	1242
1005	1191
1006	1266
1007	1160
1008	1213
1009	1213
1010	1180
1011	1216
1012	1227
1013	1231
1014	1240
1015	1151
1016	1197
1017	1171
1018	1228
1019	1203
1020	1224
1021	1217
1022	1201
1023	1208
1024	1239
1025	1277
1026	1247
1027	1271
1028	1260
1029	1269
1030	1263
1031	1274
1032	1332
1033	1326
1034	1343
1035	1385
1036	1294
1037	1429
1038	1386
1039	1411
1040	1460
1041	1418
1042	1444
1043	1502
1044	1472
1045	1496
1046	1585
1047	1625
1048	1659
1049	1633
1050	1708
1051	1707
1052	1751
1053	1791
1054	1962
1055	1911
1056	2068
1057	1997
1058	2026
1059	2190
1060	2323
1061	2323
1062	2302
1063	2365
1064	2492
1065	2505
1066	2553
1067	2615
1068	2761
1069	2805
1070	2802
1071	3000
1072	2888
1073	2925
1074	3139
1075	3224
1076	3260
1077	3298
1078	3327
1079	3392
1080	3443
1081	3559
1082	3511
1083	3631
1084	3655
1085	3719
1086	3799
1087	3712
1088	3822
1089	3864
1090	3810
1091	4051
1092	3899
1093	3930
1094	3953
1095	3950
1096	3939
1097	3965
1098	4010
1099	3886
1100	3879
1101	3835
1102	3860
1103	3849
1104	3680
1105	3681
1106	3747
1107	3650
1108	3628
1109	3509
1110	3542
1111	3522
1112	3308
1113	3311
1114	3269
1115	3198
1116	3156
1117	3161
1118	3079
1119	2948
1120	2865
1121	2848
1122	2749
1123	2729
1124	2616
1125	2580
1126	2522
1127	2485
1128	2353
1129	2355
1130	2255
1131	2156
1132	2171
1133	2056
1134	2083
1135	2002
1136	1979
1137	1965
1138	1860
1139	1827
1140	1791
1141	1803
1142	1658
1143	1738
1144	1732
1145	1702
1146	1662
1147	1629
1148	1611
1149	1542
1150	1504
1151	1491
1152	1481
1153	1496
1154	1481
1155	1471
1156	1409
1157	1410
1158	1355
1159	1355
1160	1437
1161	1403
1162	1322
1163	1431
1164	1305
1165	1385
1166	1335
1167	1376
1168	1375
1169	1364
1170	1305
1171	1367
1172	1386
1173	1272
1174	1342
1175	1354
1176	1327
1177	1322
1178	1376
1179	1338
1180	1300
1181	1294
1182	1278
1183	1325
1184	1331
1185	1353
1186	1328
1187	1338
1188	1339
1189	1345
1190	1404
1191	1312
1192	1246
1193	1266
1194	1281
1195	1320
1196	1317
1197	1453
1198	1303
1199	1338
1200	1405
1201	1284
1202	1357
1203	1336
1204	1414
1205	1273
1206	1347
1207	1328
1208	1276
1209	1328
1210	1295
1211	1299
1212	1369
1213	1358
1214	1385
1215	1355
1216	1378
1217	1344
1218	1258
1219	1388
1220	1403
1221	1333
1222	1368
1223	1393
1224	1374
1225	1366
1226	1340
1227	1349
1228	1323
1229	1309
1230	1336
1231	1311
1232	1321
1233	1356
1234	1311
1235	1293
1236	1371
1237	1366
1238	1389
1239	1333
1240	1358
1241	1338
1242	1341
1243	1398
1244	1403
1245	1402
1246	1350
1247	1412
1248	1402
1249	1437
1250	1402
1251	1368
1252	1393
1253	1420
1254	1389
1255	1386
1256	1369
1257	1468
1258	1451
1259	1445
1260	1504
1261	1402
1262	1416
1263	1371
1264	1442
1265	1506
1266	1469
1267	1452
1268	1500
1269	1475
1270	1523
1271	1576
1272	1539
1273	1585
1274	1605
1275	1626
1276	1661
1277	1627
1278	1693
1279	1726
1280	1679
1281	1745
1282	1785
1283	1768
1284	1790
1285	1869
1286	1837
1287	1913
1288	1922
1289	1954
1290	1973
1291	2063
1292	1999
1293	2127
1294	2171
1295	2112
1296	2204
1297	2223
1298	2300
1299	2246
1300	2358
1301	2310
1302	2358
1303	2437
1304	2458
1305	2510
1306	2607
1307	2542
1308	2618
1309	2561
1310	2611
1311	2754
1312	2626
1313	2722
1314	2640
1315	2773
1316	2740
1317	2728
1318	2768
1319	2718
1320	2706
1321	2813
1322	2763
1323	2742
1324	2730
1325	2811
1326	2765
1327	2787
1328	2693
1329	2686
1330	2717
1331	2580
1332	2656
1333	2621
1334	2552
1335	2510
1336	2537
1337	2535
1338	2500
1339	2406
1340	2437
1341	2454
1342	2329
1343	2381
1344	2405
1345	2294
1346	2204
1347	2294
1348	2248
1349	2120
1350	2164
1351	2135
1352	2134
1353	2021
1354	2043
1355	1969
1356	1955
1357	1976
1358	1885
1359	1839
1360	1897
1361	1807
1362	1741
1363	1792
1364	1783
1365	1629
1366	1695
1367	1721
1368	1638
1369	1622
1370	1661
1371	1615
1372	1662
1373	1526
1374	1596
1375	1594
1376	1522
1377	1561
1378	1579
1379	1518
1380	1545
1381	1633
1382	1469
1383	1580
1384	1588
1385	1481
1386	1564
1387	1426
1388	1581
1389	1432
1390	1437
1391	1460
1392	1461
1393	1556
1394	1423
1395	1472
1396	1449
1397	1476
1398	1443
1399	1433
1400	1463
1401	1491
1402	1513
1403	1417
1404	1439
1405	1456
1406	1447
1407	1441
1408	1524
1409	1502
1410	1440
1411	1480
1412	1442
1413	1465
1414	1414
1415	1510
1416	1469
1417	1457
1418	1454
1419	1444
1420	1531
1421	1445
1422	1420
1423	1476
1424	1401
1425	1471
1426	1428
1427	1505
1428	1446
1429	1443
1430	1509
1431	1487
1432	1527
1433	1442
1434	1452
1435	1466
1436	1455
1437	1406
1438	1488
1439	1517
1440	1430
1441	1452
1442	1464
1443	1530
1444	1435
1445	1508
1446	1527
1447	1514
1448	1454
1449	1475
1450	1563
1451	1489
1452	1466
1453	1484
1454	1472
1455	1488
1456	1555
1457	1515
1458	1424
1459	1462
1460	1456
1461	1426
1462	1514
1463	1498
1464	1473
1465	1571
1466	1567
1467	1486
1468	1469
1469	1545
1470	1471
1471	1491
1472	1406
1473	1496
1474	1520
1475	1537
1476	1513
1477	1526
1478	1582
1479	1523
1480	1539
1481	1542
1482	1529
1483	1484
1484	1476
1485	1487
1486	1509
1487	1540
1488	1495
1489	1512
1490	1511
1491	1467
1492	1548
1493	1477
1494	1511
1495	1505
1496	1570
1497	1519
1498	1451
1499	1507
1500	1527
1501	1556
1502	1498
1503	1493
1504	1520
1505	1459
1506	1547
1507	1533
1508	1525
1509	1437
1510	1503
1511	1530
1512	1567
1513	1561
1514	1520
1515	1495
1516	1436
1517	1517
1518	1567
1519	1531
1520	1595
1521	1554
1522	1527
1523	1536
1524	1501
1525	1498
1526	1550
1527	1558
1528	1495
1529	1519
1530	1532
1531	1522
1532	1543
1533	1559
1534	1555
1535	1523
1536	1449
1537	1505
1538	1584
1539	1519
1540	1496
1541	1547
1542	1609
1543	1560
1544	1532
1545	1434
1546	1553
1547	1508
1548	1548
1549	1560
1550	1507
1551	1588
1552	1556
1553	1489
1554	1502
1555	1598
1556	1587
1557	1557
1558	1548
1559	1585
1560	1541
1561	1520
1562	1529
1563	1563
1564	1554
1565	1479
1566	1524
1567	1605
1568	1526
1569	1564
1570	1547
1571	1562
1572	1596
1573	1552
1574	1517
1575	1547
1576	1581
1577	1573
1578	1490
1579	1513
1580	1529
1581	1531
1582	1555
1583	1542
1584	1524
1585	1572
1586	1573
1587	1553
1588	1581
1589	1545
1590	1538
1591	1547
1592	1527
1593	1520
1594	1576
1595	1495
1596	1614
1597	1557
1598	1513
1599	1611
1600	1594
1601	1569
1602	1606
1603	1626
1604	1495
1605	1554
1606	1550
1607	1513
1608	1417
1609	1606
1610	1630
1611	1642
1612	1540
1613	1482
1614	1550
1615	1573
1616	1534
1617	1581
1618	1611
1619	1595
1620	1566
1621	1567
1622	1599
1623	1513
1624	1581
1625	1543
1626	1630
1627	1640
1628	1584
1629	1525
1630	1570
1631	1602
1632	1552
1633	1564
1634	1624
1635	1605
1636	1474
1637	1579
1638	1537
1639	1597
1640	1544
1641	1492
1642	1560
1643	1646
1644	1546
1645	1560
1646	1548
1647	1582
1648	1648
1649	1586
1650	1459
1651	1606
1652	1656
1653	1577
1654	1627
1655	1586
1656	1579
1657	1562
1658	1596
1659	1598
1660	1525
1661	1591
1662	1611
1663	1666
1664	1648
1665	1589
1666	1614
1667	1563
1668	1587
1669	1569
1670	1688
1671	1605
1672	1577
1673	1652
1674	1602
1675	1608
1676	1583
1677	1545
1678	1590
1679	1628
1680	1598
1681	1595
1682	1549
1683	1584
1684	1584
1685	1613
1686	1644
1687	1585
1688	1604
1689	1564
1690	1548
1691	1641
1692	1580
1693	1559
1694	1646
1695	1530
1696	1514
1697	1560
1698	1563
1699	1574
1700	1632
1701	1565
1702	1621
1703	1575
1704	1551
1705	1531
1706	1578
1707	1576
1708	1553
1709	1646
1710	1576
1711	1592
1712	1621
1713	1614
1714	1609
1715	1644
1716	1631
1717	1619
1718	1641
1719	1636
1720	1516
1721	1646
1722	1580
1723	1592
1724	1672
1725	1679
1726	1594
1727	1562
1728	1629
1729	1552
1730	1572
1731	1603
1732	1663
1733	1550
1734	1630
1735	1530
1736	1649
1737	1651
1738	1600
1739	1579
1740	1654
1741	1669
1742	1672
1743	1687
1744	1639
1745	1601
1746	1627
1747	1663
1748	1567
1749	1701
1750	1559
1751	1644
1752	1630
1753	1580
1754	1591
1755	1636
1756	1609
1757	1576
1758	1685
1759	1571
1760	1645
1761	1606
1762	1602
1763	1597
1764	1594
1765	1546
1766	1649
1767	1549
1768	1622
1769	1709
1770	1651
1771	1555
1772	1600
1773	1629
1774	1645
1775	1620
1776	1615
1777	1667
1778	1654
1779	1664
1780	1651
1781	1578
1782	1652
1783	1596
1784	1659
1785	1629
1786	1658
1787	1600
1788	1582
1789	1635
1790	1631
1791	1677
1792	1629
1793	1634
1794	1638
1795	1644
1796	1693
1797	1706
1798	1623
1799	1693
1800	1595
1801	1613
1802	1591
1803	1608
1804	1671
1805	1625
1806	1596
1807	1674
1808	1638
1809	1642
1810	1624
1811	1706
1812	1593
1813	1590
1814	1585
1815	1612
1816	1672
1817	1656
1818	1671
1819	1639
1820	1640
1821	1708
1822	1690
1823	1640
1824	1691
1825	1682
1826	1624
1827	1604
1828	1584
1829	1695
1830	1594
1831	1627
1832	1693
1833	1682
1834	1726
1835	1689
1836	1662
1837	1686
1838	1611
1839	1697
1840	1703
1841	1604
1842	1599
1843	1676
1844	1659
1845	1658
1846	1625
1847	1646
1848	1643
1849	1638
1850	1586
1851	1642
1852	1693
1853	1684
1854	1664
1855	1690
1856	1682
1857	1590
1858	1693
1859	1680
1860	1639
1861	1671
1862	1669
1863	1644
1864	1659
1865	1616
1866	1675
1867	1685
1868	1630
1869	1615
1870	1649
1871	1662
1872	1708
1873	1683
1874	1629
1875	1659
1876	1755
1877	1609
1878	1665
1879	1648
1880	1577
1881	1697
1882	1690
1883	1614
1884	1720
1885	1660
1886	1647
1887	1597
1888	1661
1889	1613
1890	1569
1891	1616
1892	1660
1893	1639
1894	1715
1895	1668
1896	1665
1897	1697
1898	1668
1899	1665
1900	1665
1901	1638
1902	1668
1903	1662
1904	1692
1905	1711
1906	1679
1907	1565
1908	1610
1909	1633
1910	1658
1911	1595
1912	1628
1913	1638
1914	1664
1915	1653
1916	1569
1917	1625
1918	1683
1919	1635
1920	1658
1921	1695
1922	1735
1923	1613
1924	1644
1925	1695
1926	1630
1927	1716
1928	1624
1929	1661
1930	1607
1931	1649
1932	1741
1933	1587
1934	1696
1935	1711
1936	1718
1937	1683
1938	1653
1939	1716
1940	1643
1941	1668
1942	1738
1943	1702
1944	1710
1945	1712
1946	1688
1947	1627
1948	1714
1949	1639
1950	1630
1951	1676
1952	1653
1953	1668
1954	1751
1955	1701
1956	1705
1957	1674
1958	1711
1959	1702
1960	1738
1961	1699
1962	1723
1963	1602
1964	1733
1965	1716
1966	1677
1967	1686
1968	1659
1969	1654
1970	1646
1971	1682
1972	1688
1973	1700
1974	1656
1975	1577
1976	1699
1977	1731
1978	1619
1979	1641
1980	1651
1981	1694
1982	1616
1983	1656
1984	1623
1985	1647
1986	1734
1987	1653
1988	1720
1989	1606
1990	1714
1991	1663
1992	1726
1993	1625
1994	1716
1995	1657
1996	1656
1997	1677
1998	1634
1999	1707
2000	1633
2001	1683
2002	1658
2003	1725
2004	1656
2005	1696
2006	1747
2007	1650
2008	1699
2009	1632
2010	1637
2011	1649
2012	1517
2013	1708
2014	1701
2015	1662
2016	1626
2017	1749
2018	1714
2019	1645
2020	1707
2021	1740
2022	1621
2023	1713
2024	1711
2025	1578
2026	1674
2027	1712
2028	1614
2029	1725
2030	1722
2031	1713
2032	1690
2033	1594
2034	1654
2035	1619
2036	1726
2037	1673
2038	1701
2039	1688
2040	1708
2041	1641
2042	1646
2043	1712
2044	1697
2045	1692
2046	1716
2047	1630
2048	1693
2049	1669
2050	1690
2051	1691
2052	1732
2053	1571
2054	1704
2055	1685
2056	1646
2057	1693
2058	1674
2059	1646
2060	1675
2061	1649
2062	1722
2063	1769
2064	1631
2065	1681
2066	1663
2067	1622
2068	1706
2069	1752
2070	1687
2071	1664
2072	1642
2073	1646
2074	1707
2075	1670
2076	1701
2077	1707
2078	1680
2079	1692
2080	1670
2081	1768
2082	1712
2083	1702
2084	1669
2085	1589
2086	1675
2087	1671
2088	1743
2089	1697
2090	1667
2091	1718
2092	1749
2093	1698
2094	1651
2095	1758
2096	1721
2097	1669
2098	1640
2099	1701
2100	1701
2101	1695
2102	1685
2103	1692
2104	1706
2105	1641
2106	1691
2107	1700
2108	1679
2109	1725
2110	1732
2111	1676
2112	1659
2113	1650
2114	1663
2115	1707
2116	1649
2117	1612
2118	1650
2119	1691
2120	1731
2121	1648
2122	1637
2123	1621
2124	1706
2125	1732
2126	1734
2127	1649
2128	1702
2129	1686
2130	1699
2131	1741
2132	1684
2133	1669
2134	1693
2135	1678
2136	1623
2137	1696
2138	1788
2139	1673
2140	1665
2141	1715
2142	1628
2143	1656
2144	1627
2145	1669
2146	1721
2147	1642
2148	1670
2149	1731
2150	1726
2151	1641
2152	1595
2153	1719
2154	1695
2155	1647
2156	1673
2157	1661
2158	1705
2159	1716
2160	1687
2161	1776
2162	1729
2163	1736
2164	1617
2165	1690
2166	1669
2167	1711
2168	1662
2169	1665
2170	1607
2171	1670
2172	1638
2173	1675
2174	1778
2175	1551
2176	1680
2177	1686
2178	1609
2179	1673
2180	1636
2181	1705
2182	1676
2183	1706
2184	1714
2185	1676
2186	1705
2187	1686
2188	1694
2189	1701
2190	1644
2191	1750
2192	1678
2193	1628
2194	1715
2195	1713
2196	1687
2197	1726
2198	1681
2199	1658
2200	1675
2201	1600
2202	1697
2203	1693
2204	1651
2205	1666
2206	1677
2207	1626
2208	1672
2209	1653
2210	1747
2211	1666
2212	1630
2213	1630
2214	1755
2215	1638
2216	1638
2217	1680
2218	1722
2219	1721
2220	1679
2221	1677
2222	1662
2223	1652
2224	1747
2225	1623
2226	1697
2227	1736
2228	1670
2229	1697
2230	1682
2231	1665
2232	1690
2233	1763
2234	1722
2235	1636
2236	1678
2237	1651
2238	1672
2239	1664
2240	1668
2241	1692
2242	1634
2243	1646
2244	1662
2245	1686
2246	1678
2247	1686
2248	1674
2249	1638
2250	1692
2251	1589
2252	1685
2253	1685
2254	1688
2255	1686
2256	1691
2257	1705
2258	1672
2259	1691
2260	1661
2261	1782
2262	1682
2263	1713
2264	1634
2265	1690
2266	1711
2267	1681
2268	1679
2269	1696
2270	1627
2271	1632
2272	1709
2273	1669
2274	1759
2275	1626
2276	1720
2277	1640
2278	1676
2279	1670
2280	1696
2281	1606
2282	1719
2283	1668
2284	1736
2285	1609
2286	1587
2287	1671
2288	1675
2289	1639
2290	1622
2291	1665
2292	1693
2293	1703
2294	1753
2295	1690
2296	1710
2297	1651
2298	1704
2299	1685
2300	1619
2301	1719
2302	1711
2303	1645
2304	1743
2305	1713
2306	1642
2307	1707
2308	1651
2309	1622
2310	1609
2311	1599
2312	1669
2313	1699
2314	1681
2315	1628
2316	1626
2317	1614
2318	1635
2319	1756
2320	1716
2321	1630
2322	1599
2323	1653
2324	1709
2325	1686
2326	1598
2327	1629
2328	1643
2329	1715
2330	1719
2331	1647
2332	1647
2333	1705
2334	1705
2335	1656
2336	1658
2337	1613
2338	1697
2339	1634
2340	1629
2341	1677
2342	1682
2343	1632
2344	1699
2345	1628
2346	1765
2347	1653
2348	1591
2349	1669
2350	1629
2351	1634
2352	1722
2353	1631
2354	1735
2355	1686
2356	1642
2357	1696
2358	1641
2359	1647
2360	1669
2361	1647
2362	1761
2363	1699
2364	1635
2365	1609
2366	1708
2367	1664
2368	1810
2369	1623
2370	1633
2371	1652
2372	1613
2373	1690
2374	1693
2375	1691
2376	1672
2377	1642
2378	1635
2379	1620
2380	1707
2381	1706
2382	1592
2383	1733
2384	1740
2385	1691
2386	1738
2387	1675
2388	1711
2389	1590
2390	1651
2391	1645
2392	1680
2393	1585
2394	1671
2395	1657
2396	1607
2397	1645
2398	1646
2399	1659
2400	1671
2401	1575
2402	1631
2403	1735
2404	1644
2405	1606
2406	1620
2407	1624
2408	1660
2409	1607
2410	1671
2411	1682
2412	1630
2413	1628
2414	1607
2415	1607
2416	1605
2417	1628
2418	1686
2419	1590
2420	1633
2421	1652
2422	1700
2423	1669
2424	1674
2425	1616
2426	1662
2427	1667
2428	1623
2429	1659
2430	1580
2431	1624
2432	1613
2433	1621
2434	1654
2435	1657
2436	1698
2437	1677
2438	1675
2439	1668
2440	1647
2441	1641
2442	1684
2443	1653
2444	1763
2445	1664
2446	1647
2447	1661
2448	1610
2449	1612
2450	1686
2451	1679
2452	1649
2453	1663
2454	1613
2455	1594
2456	1696
2457	1649
2458	1645
2459	1660
2460	1630
2461	1639
2462	1612
2463	1674
2464	1589
2465	1672
2466	1636
2467	1646
2468	1620
2469	1650
2470	1599
2471	1637
2472	1738
2473	1692
2474	1688
2475	1607
2476	1651
2477	1637
2478	1633
2479	1672
2480	1680
2481	1638
2482	1700
2483	1644
2484	1598
2485	1572
2486	1606
2487	1678
2488	1585
2489	1717
2490	1669
2491	1634
2492	1586
2493	1673
2494	1567
2495	1568
2496	1628
2497	1720
2498	1639
2499	1582
2500	1687
2501	1650
2502	1633
2503	1644
2504	1627
2505	1659
2506	1655
2507	1645
2508	1602
2509	1557
2510	1604
2511	1553
2512	1626
2513	1681
2514	1670
2515	1601
2516	1617
2517	1638
2518	1576
2519	1631
2520	1619
2521	1595
2522	1609
2523	1632
2524	1572
2525	1658
2526	1638
2527	1647
2528	1600
2529	1671
2530	1627
2531	1678
2532	1604
2533	1662
2534	1684
2535	1599
2536	1561
2537	1615
2538	1683
2539	1634
2540	1641
2541	1643
2542	1565
2543	1607
2544	1643
2545	1543
2546	1666
2547	1624
2548	1652
2549	1511
2550	1615
2551	1613
2552	1606
2553	1625
2554	1587
2555	1589
2556	1640
2557	1571
2558	1587
2559	1566
2560	1602
2561	1683
2562	1612
2563	1599
2564	1660
2565	1643
2566	1636
2567	1620
2568	1591
2569	1658
2570	1629
2571	1594
2572	1491
2573	1626
2574	1563
2575	1563
2576	1631
2577	1532
2578	1534
2579	1575
2580	1570
2581	1617
2582	1582
2583	1605
2584	1545
2585	1563
2586	1581
2587	1635
2588	1550
2589	1525
2590	1510
2591	1599
2592	1540
2593	1610
2594	1636
2595	1651
2596	1525
2597	1619
2598	1527
2599	1531
2600	1594
2601	1566
2602	1600
2603	1569
2604	1627
2605	1566
2606	1543
2607	1571
2608	1602
2609	1614
2610	1663
2611	1629
2612	1655
2613	1547
2614	1634
2615	1600
2616	1598
2617	1620
2618	1566
2619	1571
2620	1630
2621	1587
2622	1594
2623	1574
2624	1700
2625	1586
2626	1582
2627	1670
2628	1594
2629	1554
2630	1588
2631	1568
2632	1570
2633	1503
2634	1586
2635	1523
2636	1646
2637	1542
2638	1576
2639	1593
2640	1603
2641	1584
2642	1598
2643	1563
2644	1610
2645	1568
2646	1552
2647	1598
2648	1633
2649	1595
2650	1602
2651	1613
2652	1585
2653	1577
2654	1510
2655	1592
2656	1544
2657	1614
2658	1529
2659	1574
2660	1560
2661	1611
2662	1487
2663	1554
2664	1577
2665	1510
2666	1554
2667	1580
2668	1555
2669	1493
2670	1552
2671	1524
2672	1620
2673	1511
2674	1477
2675	1562
2676	1530
2677	1554
2678	1551
2679	1599
2680	1559
2681	1504
2682	1557
2683	1530
2684	1559
2685	1552
2686	1583
2687	1549
2688	1569
2689	1545
2690	1573
2691	1552
2692	1593
2693	1565
2694	1604
2695	1571
2696	1552
2697	1560
2698	1559
2699	1570
2700	1516
2701	1513
2702	1508
2703	1570
2704	1543
2705	1537
2706	1524
2707	1478
2708	1443
2709	1562
2710	1581
2711	1515
2712	1594
2713	1519
2714	1545
2715	1486
2716	1602
2717	1590
2718	1501
2719	1519
2720	1599
2721	1506
2722	1518
2723	1519
2724	1507
2725	1565
2726	1542
2727	1587
2728	1563
2729	1528
2730	1562
2731	1591
2732	1560
2733	1497
2734	1529
2735	1509
2736	1558
2737	1585
2738	1478
2739	1537
2740	1510
2741	1578
2742	1596
2743	1529
2744	1573
2745	1526
2746	1567
2747	1545
2748	1553
2749	1589
2750	1578
2751	1601
2752	1546
2753	1479
2754	1540
2755	1488
2756	1528
2757	1523
2758	1515
2759	1524
2760	1566
2761	1613
2762	1574
2763	1564
2764	1457
2765	1504
2766	1527
2767	1449
2768	1485
2769	1570
2770	1531
2771	1549
2772	1513
2773	1547
2774	1450
2775	1500
2776	1478
2777	1479
2778	1556
2779	1540
2780	1460
2781	1441
2782	1472
2783	1472
2784	1496
2785	1518
2786	1526
2787	1571
2788	1492
2789	1485
2790	1478
2791	1487
2792	1489
2793	1444
2794	1459
2795	1458
2796	1463
2797	1535
2798	1551
2799	1518
2800	1512
2801	1506
2802	1512
2803	1505
2804	1522
2805	1478
2806	1461
2807	1509
2808	1550
2809	1515
2810	1477
2811	1472
2812	1551
2813	1483
2814	1478
2815	1487
2816	1535
2817	1589
2818	1437
2819	1478
2820	1444
2821	1518
2822	1489
2823	1465
2824	1531
2825	1500
2826	1497
2827	1446
2828	1548
2829	1463
2830	1493
2831	1499
2832	1474
2833	1507
2834	1543
2835	1472
2836	1548
2837	1515
2838	1468
2839	1512
2840	1481
2841	1564
2842	1403
2843	1491
2844	1496
2845	1486
2846	1469
2847	1381
2848	1493
2849	1477
2850	1446
2851	1453
2852	1512
2853	1425
2854	1488
2855	1526
2856	1430
2857	1435
2858	1509
2859	1446
2860	1498
2861	1475
2862	1449
2863	1500
2864	1508
2865	1465
2866	1456
2867	1544
2868	1436
2869	1450
2870	1439
2871	1481
2872	1484
2873	1478
2874	1417
2875	1438
2876	1475
2877	1468
2878	1460
2879	1406
2880	1449
2881	1437
2882	1421
2883	1478
2884	1479
2885	1427
2886	1451
2887	1443
2888	1435
2889	1499
2890	1484
2891	1459
2892	1437
2893	1467
2894	1471
2895	1485
2896	1510
2897	1492
2898	1419
2899	1406
2900	1496
2901	1457
2902	1508
2903	1423
2904	1445
2905	1433
2906	1442
2907	1425
2908	1438
2909	1508
2910	1428
2911	1444
2912	1472
2913	1458
2914	1466
2915	1460
2916	1452
2917	1433
2918	1466
2919	1356
2920	1385
2921	1463
2922	1443
2923	1385
2924	1452
2925	1438
2926	1350
2927	1441
2928	1460
2929	1424
2930	1444
2931	1436
2932	1465
2933	1513
2934	1470
2935	1376
2936	1465
2937	1391
2938	1504
2939	1411
2940	1434
2941	1334
2942	1446
2943	1416
2944	1391
2945	1403
2946	1456
2947	1450
2948	1408
2949	1440
2950	1460
2951	1469
2952	1417
2953	1398
2954	1351
2955	1421
2956	1423
2957	1445
2958	1395
2959	1357
2960	1414
2961	1369
2962	1450
2963	1486
2964	1370
2965	1386
2966	1479
2967	1433
2968	1430
2969	1442
2970	1375
2971	1400
2972	1339
2973	1374
2974	1363
2975	1435
2976	1443
2977	1386
2978	1439
2979	1391
2980	1392
2981	1431
2982	1371
2983	1344
2984	1364
2985	1418
2986	1434
2987	1366
2988	1393
2989	1368
2990	1406
2991	1390
2992	1441
2993	1405
2994	1367
2995	1390
2996	1386
2997	1393
2998	1459
2999	1366
3000	1339
3001	1405
3002	1391
3003	1418
3004	1365
3005	1339
3006	1417
3007	1400
3008	1357
3009	1396
3010	1432
3011	1364
3012	1317
3013	1376
3014	1351
3015	1459
3016	1330
3017	1323
3018	1361
3019	1371
3020	1411
3021	1297
3022	1416
3023	1366
3024	1353
3025	1343
3026	1332
3027	1351
3028	1409
3029	1396
3030	1411
3031	1349
3032	1342
3033	1432
3034	1356
3035	1388
3036	1426
3037	1419
3038	1327
3039	1366
3040	1328
3041	1375
3042	1402
3043	1363
3044	1323
3045	1291
3046	1349
3047	1388
3048	1332
3049	1382
3050	1458
3051	1383
3052	1357
3053	1351
3054	1425
3055	1371
3056	1366
3057	1379
3058	1363
3059	1364
3060	1316
3061	1230
3062	1386
3063	1281
3064	1307
3065	1400
3066	1387
3067	1336
3068	1400
3069	1304
3070	1337
3071	1322
3072	1300
3073	1377
3074	1336
3075	1333
3076	1356
3077	1306
3078	1336
3079	1351
3080	1299
3081	1273
3082	1356
3083	1376
3084	1343
3085	1329
3086	1345
3087	1369
3088	1242
3089	1335
3090	1432
3091	1320
3092	1358
3093	1367
3094	1396
3095	1326
3096	1265
3097	1306
3098	1282
3099	1340
3100	1300
3101	1317
3102	1320
3103	1359
3104	1363
3105	1374
3106	1261
3107	1308
3108	1258
3109	1270
3110	1283
3111	1335
3112	1285
3113	1320
3114	1318
3115	1295
3116	1245
3117	1335
3118	1325
3119	1236
3120	1311
3121	1320
3122	1357
3123	1309
3124	1316
3125	1245
3126	1260
3127	1279
3128	1249
3129	1304
3130	1311
3131	1266
3132	1380
3133	1264
3134	1328
3135	1238
3136	1250
3137	1287
3138	1309
3139	1245
3140	1286
3141	1316
3142	1295
3143	1335
3144	1286
3145	1240
3146	1320
3147	1323
3148	1293
3149	1330
3150	1306
3151	1237
3152	1312
3153	1250
3154	1250
3155	1279
3156	1237
3157	1256
3158	1279
3159	1306
3160	1268
3161	1221
3162	1238
3163	1248
3164	1212
3165	1277
3166	1218
3167	1249
3168	1197
3169	1298
3170	1295
3171	1228
3172	1281
3173	1229
3174	1229
3175	1265
3176	1242
3177	1269
3178	1230
3179	1267
3180	1295
3181	1189
3182	1240
3183	1301
3184	1300
3185	1277
3186	1297
3187	1280
3188	1265
3189	1222
3190	1291
3191	1240
3192	1227
3193	1308
3194	1245
3195	1248
3196	1269
3197	1226
3198	1257
3199	1205
3200	1209
3201	1239
3202	1228
3203	1251
3204	1185
3205	1205
3206	1234
3207	1272
3208	1241
3209	1277
3210	1181
3211	1162
3212	1237
3213	1220
3214	1226
3215	1210
3216	1277
3217	1215
3218	1184
3219	1236
3220	1269
3221	1248
3222	1195
3223	1231
3224	1236
3225	1204
3226	1186
3227	1214
3228	1223
3229	1183
3230	1269
3231	1272
3232	1245
3233	1234
3234	1237
3235	1245
3236	1232
3237	1194
3238	1202
3239	1174
3240	1224
3241	1203
3242	1222
3243	1237
3244	1203
3245	1175
3246	1134
3247	1205
3248	1213
3249	1246
3250	1253
3251	1245
3252	1250
3253	1221
3254	1205
3255	1170
3256	1225
3257	1235
3258	1211
3259	1195
3260	1244
3261	1151
3262	1203
3263	1207
3264	1228
3265	1168
3266	1172
3267	1258
3268	1168
3269	1225
3270	1173
3271	1138
3272	1228
3273	1150
3274	1196
3275	1250
3276	1215
3277	1216
3278	1159
3279	1201
3280	1186
3281	1200
3282	1166
3283	1125
3284	1217
3285	1214
3286	1118
3287	1172
3288	1163
3289	1202
3290	1170
3291	1084
3292	1185
3293	1187
3294	1161
3295	1193
3296	1108
3297	1135
3298	1259
3299	1169
3300	1194
3301	1176
3302	1201
3303	1244
3304	1132
3305	1211
3306	1202
3307	1192
3308	1243
3309	1226
3310	1147
3311	1181
3312	1154
3313	1145
3314	1219
3315	1195
3316	1194
3317	1205
3318	1251
3319	1208
3320	1320
3321	1207
3322	1259
3323	1283
3324	1251
3325	1330
3326	1219
3327	1318
3328	1331
3329	1388
3330	1369
3331	1448
3332	1425
3333	1422
3334	1490
3335	1495
3336	1604
3337	1543
3338	1561
3339	1656
3340	1717
3341	1736
3342	1705
3343	1800
3344	1864
3345	1908
3346	2057
3347	1974
3348	2063
3349	2194
3350	2086
3351	2201
3352	2390
3353	2394
3354	2488
3355	2487
3356	2572
3357	2622
3358	2675
3359	2768
3360	2753
3361	2888
3362	2926
3363	3113
3364	3089
3365	3070
3366	3263
3367	3233
3368	3227
3369	3418
3370	3428
3371	3463
3372	3501
3373	3631
3374	3572
3375	3740
3376	3684
3377	3807
3378	3704
3379	3752
3380	3749
3381	3731
3382	3739
3383	3927
3384	3650
3385	3807
3386	3742
3387	3738
3388	3762
3389	3738
3390	3791
3391	3652
3392	3669
3393	3574
3394	3591
3395	3619
3396	3472
3397	3377
3398	3370
3399	3293
3400	3253
3401	3142
3402	3226
3403	3097
3404	3091
3405	2853
3406	2915
3407	2880
3408	2744
3409	2733
3410	2660
3411	2486
3412	2505
3413	2402
3414	2392
3415	2179
3416	2220
3417	2151
3418	2117
3419	1942
3420	1982
3421	1889
3422	1896
3423	1771
3424	1795
3425	1707
3426	1596
3427	1662
3428	1595
3429	1561
3430	1523
3431	1439
3432	1462
3433	1345
3434	1385
3435	1335
3436	1309
3437	1347
3438	1314
3439	1318
3440	1226
3441	1242
3442	1238
3443	1185
3444	1140
3445	1141
3446	1159
3447	1136
3448	1157
3449	1134
3450	1138
3451	1117
3452	1053
3453	1078
3454	1123
3455	1063
3456	1025
3457	1080
3458	1074
3459	1072
3460	1092
3461	1068
3462	1087
3463	1055
3464	1063
3465	1118
3466	1042
3467	1023
3468	1004
3469	960
3470	1072
3471	1019
3472	1002
3473	988
3474	1002
3475	986
3476	1006
3477	1000
3478	962
3479	1042
3480	945
3481	991
3482	938
3483	995
3484	1010
3485	978
3486	976
3487	1002
3488	977
3489	1054
3490	1029
3491	996
3492	940
3493	947
3494	1018
3495	936
3496	1043
3497	1010
3498	1018
3499	1054
3500	982
3501	977
3502	1000
3503	972
3504	1031
3505	1013
3506	991
3507	1016
3508	1003
3509	998
3510	962
3511	927
3512	957
3513	997
3514	989
3515	936
3516	1026
3517	934
3518	1026
3519	978
3520	979
3521	972
3522	952
3523	1030
3524	951
3525	1039
3526	1048
3527	971
3528	1041
3529	1056
3530	967
3531	981
3532	974
3533	989
3534	966
3535	895
3536	1005
3537	974
3538	953
3539	965
3540	967
3541	984
3542	951
3543	973
3544	964
3545	980
3546	1055
3547	935
3548	958
3549	1031
3550	997
3551	1026
3552	1031
3553	1032
3554	1068
3555	1039
3556	1014
3557	1068
3558	1076
3559	1105
3560	1123
3561	1115
3562	1129
3563	1152
3564	1181
3565	1172
3566	1147
3567	1240
3568	1249
3569	1263
3570	1308
3571	1326
3572	1325
3573	1350
3574	1423
3575	1456
3576	1390
3577	1508
3578	1538
3579	1488
3580	1497
3581	1616
3582	1544
3583	1666
3584	1695
3585	1740
3586	1744
3587	1721
3588	1786
3589	1801
3590	1931
3591	1883
3592	1941
3593	1952
3594	1998
3595	1984
3596	2138
3597	2066
3598	2072
3599	2131
3600	2033
3601	2235
3602	2175
3603	2154
3604	2191
3605	2232
3606	2239
3607	2191
3608	2184
3609	2230
3610	2304
3611	2245
3612	2275
3613	2238
3614	2217
3615	2253
3616	2253
3617	2238
3618	2227
3619	2196
3620	2206
3621	2077
3622	2139
3623	2086
3624	2097
3625	2129
3626	1941
3627	1929
3628	1941
3629	1944
3630	1854
3631	1814
3632	1799
3633	1722
3634	1717
3635	1753
3636	1641
3637	1622
3638	1517
3639	1500
3640	1475
3641	1443
3642	1424
3643	1478
3644	1398
3645	1388
3646	1379
3647	1308
3648	1207
3649	1264
3650	1261
3651	1157
3652	1138
3653	1244
3654	1098
3655	1109
3656	1071
3657	1076
3658	1037
3659	1036
3660	1061
3661	1004
3662	930
3663	961
3664	913
3665	905
3666	970
3667	925
3668	951
3669	888
3670	893
3671	923
3672	903
3673	849
3674	895
3675	875
3676	907
3677	879
3678	915
3679	912
3680	824
3681	844
3682	831
3683	848
3684	856
3685	831
3686	904
3687	848
3688	865
3689	895
3690	864
3691	850
3692	790
3693	823
3694	816
3695	812
3696	802
3697	839
3698	781
3699	792
3700	834
3701	823
3702	865
3703	802
3704	800
3705	837
3706	852
3707	758
3708	827
3709	829
3710	855
3711	804
3712	766
3713	789
3714	813
3715	739
3716	782
3717	787
3718	775
3719	732
3720	805
3721	784
3722	819
3723	829
3724	775
3725	794
3726	802
3727	803
3728	768
3729	774
3730	818
3731	777
3732	740
3733	754
3734	788
3735	803
3736	825
3737	774
3738	785
3739	761
3740	804
3741	765
3742	826
3743	793
3744	764
3745	782
3746	761
3747	820
3748	754
3749	772
3750	791
3751	753
3752	748
3753	789
3754	768
3755	767
3756	758
3757	767
3758	774
3759	779
3760	789
3761	758
3762	742
3763	739
3764	724
3765	713
3766	734
3767	762
3768	750
3769	799
3770	776
3771	737
3772	722
3773	744
3774	740
3775	745
3776	722
3777	758
3778	740
3779	743
3780	706
3781	739
3782	748
3783	784
3784	741
3785	697
3786	769
3787	718
3788	676
3789	749
3790	725
3791	709
3792	736
3793	812
3794	738
3795	698
3796	698
3797	729
3798	693
3799	716
3800	773
3801	751
3802	690
3803	715
3804	718
3805	725
3806	679
3807	741
3808	754
3809	728
3810	712
3811	672
3812	652
3813	696
3814	735
3815	714
3816	756
3817	706
3818	708
3819	646
3820	711
3821	671
3822	715
3823	665
3824	694
3825	700
3826	668
3827	666
3828	665
3829	724
3830	712
3831	676
3832	686
3833	684
3834	753
3835	702
3836	726
3837	627
3838	716
3839	670
3840	668
3841	675
3842	641
3843	695
3844	660
3845	699
3846	695
3847	681
3848	656
3849	670
3850	659
3851	628
3852	657
3853	690
3854	726
3855	692
3856	670
3857	694
3858	617
3859	668
3860	675
3861	662
3862	645
3863	640
3864	673
3865	671
3866	670
3867	675
3868	595
3869	660
3870	661
3871	645
3872	641
3873	632
3874	713
3875	703
3876	640
3877	654
3878	645
3879	687
3880	652
3881	628
3882	619
3883	671
3884	654
3885	624
3886	617
3887	666
3888	616
3889	710
3890	661
3891	662
3892	648
3893	621
3894	632
3895	611
3896	634
3897	640
3898	637
3899	624
3900	642
3901	625
3902	645
3903	605
3904	653
3905	583
3906	667
3907	646
3908	591
3909	645
3910	588
3911	612
3912	579
3913	628
3914	622
3915	648
3916	627
3917	658
3918	570
3919	599
3920	658
3921	601
3922	580
3923	636
3924	674
3925	573
3926	590
3927	601
3928	619
3929	584
3930	586
3931	634
3932	606
3933	618
3934	598
3935	585
3936	614
3937	557
3938	608
3939	575
3940	617
3941	598
3942	619
3943	589
3944	579
3945	618
3946	534
3947	596
3948	580
3949	596
3950	601
3951	574
3952	619
3953	608
3954	596
3955	535
3956	584
3957	583
3958	583
3959	551
3960	603
3961	588
3962	608
3963	543
3964	593
3965	592
3966	546
3967	573
3968	590
3969	562
3970	588
3971	537
3972	586
3973	546
3974	577
3975	515
3976	562
3977	585
3978	550
3979	540
3980	559
3981	587
3982	583
3983	535
3984	554
3985	542
3986	572
3987	572
3988	620
3989	524
3990	586
3991	540
3992	525
3993	553
3994	558
3995	540
3996	531
3997	525
3998	543
3999	565
4000	563
4001	557
4002	573
4003	509
4004	557
4005	518
4006	497
4007	540
4008	513
4009	525
4010	520
4011	520
4012	543
4013	492
4014	501
4015	563
4016	519
4017	521
4018	498
4019	520
4020	525
4021	502
4022	477
4023	538
4024	521
4025	493
4026	553
4027	542
4028	516
4029	483
4030	472
4031	543
4032	507
4033	477
4034	513
4035	517
4036	529
4037	466
4038	495
4039	494
4040	514
4041	516
4042	530
4043	495
4044	491
4045	493
4046	547
4047	474
4048	468
4049	495
4050	519
4051	475
4052	522
4053	483
4054	493
4055	496
4056	518
4057	473
4058	480
4059	526
4060	529
4061	496
4062	457
4063	520
4064	460
4065	473
4066	488
4067	483
4068	475
4069	485
4070	484
4071	489
4072	465
4073	461
4074	469
4075	497
4076	448
4077	478
4078	472
4079	492
4080	487
4081	461
4082	452
4083	465
4084	470
4085	422
4086	474
4087	503
4088	444
4089	473
4090	441
4091	490
4092	466
4093	440
4094	440
4095	469
4096	507
4097	481
4098	450
4099	440
4100	460
4101	474
4102	494
4103	465
4104	444
4105	461
4106	483
4107	466
4108	458
4109	446
4110	453
4111	440
4112	446
4113	463
4114	434
4115	449
4116	456
4117	428
4118	455
4119	428
4120	476
4121	417
4122	449
4123	412
4124	448
4125	440
4126	424
4127	441
4128	385
4129	478
4130	447
4131	451
4132	413
4133	471
4134	461
4135	415
4136	413
4137	452
4138	420
4139	443
4140	407
4141	383
4142	397
4143	426
4144	411
4145	403
4146	397
4147	427
4148	396
4149	450
4150	408
4151	377
4152	456
4153	419
4154	405
4155	443
4156	402
4157	416
4158	418
4159	409
4160	389
4161	438
4162	382
4163	404
4164	406
4165	424
4166	348
4167	370
4168	427
4169	410
4170	358
4171	376
4172	384
4173	398
4174	352
4175	361
4176	388
4177	410
4178	377
4179	386
4180	414
4181	392
4182	394
4183	374
4184	371
4185	393
4186	375
4187	390
4188	346
4189	377
4190	347
4191	362
4192	366
4193	384
4194	363
4195	386
4196	359
4197	360
4198	381
4199	353
4200	385
4201	374
4202	379
4203	364
4204	368
4205	337
4206	363
4207	398
4208	345
4209	360
4210	320
4211	337
4212	339
4213	353
4214	347
4215	360
4216	390
4217	362
4218	327
4219	317
4220	343
4221	372
4222	365
4223	346
4224	350
4225	335
4226	365
4227	361
4228	374
4229	372
4230	348
4231	361
4232	331
4233	340
4234	344
4235	362
4236	325
4237	370
4238	336
4239	308
4240	315
4241	339
4242	352
4243	306
4244	322
4245	316
4246	335
4247	336
4248	334
4249	356
4250	373
4251	302
4252	304
4253	319
4254	336
4255	328
4256	355
4257	307
4258	334
4259	317
4260	328
4261	352
4262	305
4263	330
4264	320
4265	336
4266	292
4267	310
4268	309
4269	315
4270	300
4271	316
4272	312
4273	285
4274	298
4275	282
4276	293
4277	342
4278	327
4279	272
4280	320
4281	300
4282	303
4283	296
4284	319
4285	316
4286	303
4287	314
4288	294
4289	300
4290	331
4291	289
4292	334
4293	282
4294	327
4295	292
4296	289
4297	313
4298	304
4299	265
4300	293
4301	309
4302	292
4303	325
4304	307
4305	335
4306	280
4307	306
4308	297
4309	312
4310	284
4311	284
4312	298
4313	302
4314	283
4315	260
4316	295
4317	271
4318	265
4319	254
4320	258
4321	294
4322	294
4323	253
4324	282
4325	284
4326	270
4327	270
4328	278
4329	285
4330	270
4331	269
4332	290
4333	257
4334	245
4335	253
4336	277
4337	279
4338	254
4339	274
4340	231
4341	265
4342	284
4343	281
4344	209
4345	274
4346	234
4347	285
4348	262
4349	256
4350	259
4351	250
4352	255
4353	245
4354	235
4355	234
4356	255
4357	248
4358	213
4359	256
4360	273
4361	218
4362	250
4363	250
4364	270
4365	242
4366	244
4367	247
4368	221
4369	267
4370	223
4371	222
4372	240
4373	259
4374	262
4375	262
4376	250
4377	257
4378	244
4379	225
4380	227
4381	233
4382	215
4383	207
4384	224
4385	239
4386	222
4387	223
4388	253
4389	202
4390	216
4391	229
4392	223
4393	230
4394	224
4395	240
4396	251
4397	194
4398	237
4399	217
4400	224
4401	203
4402	226
4403	226
4404	214
4405	203
4406	224
4407	199
4408	213
4409	224
4410	217
4411	199
4412	208
4413	207
4414	207
4415	194
4416	209
4417	191
4418	200
4419	219
4420	198
4421	193
4422	197
4423	201
4424	212
4425	206
4426	220
4427	200
4428	187
4429	206
4430	199
4431	211
4432	237
4433	175
4434	201
4435	205
4436	178
4437	189
4438	216
4439	198
4440	167
4441	182
4442	172
4443	155
4444	197
4445	186
4446	190
4447	195
4448	175
4449	196
4450	204
4451	170
4452	188
4453	188
4454	187
4455	182
4456	163
4457	189
4458	185
4459	187
4460	186
4461	172
4462	188
4463	165
4464	177
4465	181
4466	176
4467	158
4468	129
4469	181
4470	166
4471	190
4472	170
4473	163
4474	174
4475	183
4476	158
4477	185
4478	149
4479	198
4480	184
4481	164
4482	190
4483	156
4484	162
4485	194
4486	143
4487	171
4488	142
4489	163
4490	183
4491	163
4492	136
4493	171
4494	143
4495	173
4496	150
4497	162
4498	151
4499	143
4500	163
4501	146
4502	170
4503	152
4504	169
4505	144
4506	160
4507	155
4508	147
4509	155
4510	154
4511	159
4512	138
4513	124
4514	129
4515	143
4516	123
4517	131
4518	133
4519	119
4520	136
4521	162
4522	155
4523	146
4524	139
4525	145
4526	125
4527	134
4528	132
4529	135
4530	128
4531	137
4532	132
4533	151
4534	127
4535	149
4536	132
4537	129
4538	128
4539	139
4540	131
4541	151
4542	122
4543	125
4544	133
4545	150
4546	128
4547	123
4548	122
4549	122
4550	113
4551	135
4552	121
4553	139
4554	136
4555	126
4556	130
4557	105
4558	133
4559	124
4560	130
4561	106
4562	108
4563	120
4564	113
4565	112
4566	129
4567	133
4568	118
4569	121
4570	104
4571	114
4572	105
4573	121
4574	116
4575	134
4576	101
4577	98
4578	117
4579	117
4580	121
4581	126
4582	107
4583	102
4584	118
4585	87
4586	104
4587	117
4588	106
4589	104
4590	106
4591	99
4592	95
4593	99
4594	116
4595	135
4596	117
4597	104
4598	111
4599	98
4600	112
4601	83
4602	90
4603	109
4604	105
4605	109
4606	95
4607	92
4608	89
4609	93
4610	93
4611	95
4612	90
4613	86
4614	94
4615	84
4616	99
4617	84
4618	95
4619	83
4620	94
4621	90
4622	92
4623	88
4624	94
4625	91
4626	83
4627	101
4628	86
4629	81
4630	81
4631	78
4632	79
4633	88
4634	82
4635	85
4636	88
4637	80
4638	78
4639	83
4640	77
4641	71
4642	72
4643	88
4644	81
4645	75
4646	80
4647	81
4648	82
4649	75
4650	71
4651	80
4652	73
4653	80
4654	84
4655	70
4656	74
4657	66
4658	82
4659	71
4660	78
4661	64
4662	84
4663	67
4664	54
4665	67
4666	72
4667	61
4668	79
4669	66
4670	68
4671	64
4672	64
4673	67
4674	80
4675	59
4676	64
4677	78
4678	75
4679	51
4680	68
4681	60
4682	68
4683	71
4684	55
4685	64
4686	65
4687	57
4688	56
4689	51
4690	73
4691	54
4692	64
4693	64
4694	62
4695	58
4696	49
4697	42
4698	44
4699	64
4700	53
4701	41
4702	52
4703	50
4704	63
4705	50
4706	42
4707	36
4708	64
4709	59
4710	38
4711	50
4712	41
4713	58
4714	46
4715	50
4716	50
4717	52
4718	41
4719	50
4720	47
4721	48
4722	40
4723	38
4724	47
4725	51
4726	41
4727	45
4728	49
4729	44
4730	53
4731	42
4732	40
4733	38
4734	40
4735	41
4736	47
4737	35
4738	44
4739	44
4740	39
4741	38
4742	45
4743	41
4744	34
4745	29
4746	32
4747	38
4748	35
4749	37
4750	30
4751	39
4752	42
4753	35
4754	31
4755	39
4756	28
4757	35
4758	30
4759	38
4760	28
4761	35
4762	24
4763	33
4764	39
4765	33
4766	36
4767	39
4768	37
4769	29
4770	23
4771	33
4772	35
4773	13
4774	23
4775	22
4776	24
4777	26
4778	26
4779	24
4780	28
4781	23
4782	32
4783	28
4784	24
4785	31
4786	28
4787	27
4788	26
4789	31
4790	21
4791	23
4792	32
4793	26
4794	23
4795	38
4796	19
4797	18
4798	26
4799	18
4800	24
4801	27
4802	22
4803	15
4804	26
4805	15
4806	18
4807	27
4808	31
4809	22
4810	17
4811	23
4812	12
4813	20
4814	10
4815	15
4816	13
4817	16
4818	19
4819	19
4820	19
4821	18
4822	16
4823	18
4824	12
4825	19
4826	16
4827	8
4828	13
4829	21
4830	19
4831	11
4832	11
4833	18
4834	16
4835	14
4836	10
4837	14
4838	12
4839	10
4840	15
4841	12
4842	14
4843	15
4844	12
4845	16
4846	11
4847	13
4848	14
4849	11
4850	13
4851	9
4852	12
4853	12
4854	12
4855	9
4856	6
4857	7
4858	12
4859	9
4860	6
4861	5
4862	5
4863	10
4864	6
4865	10
4866	7
4867	7
4868	8
4869	6
4870	6
4871	3
4872	7
4873	9
4874	2
4875	9
4876	10
4877	3
4878	8
4879	7
4880	7
4881	8
4882	6
4883	3
4884	2
4885	5
4886	7
4887	5
4888	8
4889	6
4890	5
4891	3
4892	3
4893	7
4894	6
4895	7
4896	0
4897	6
4898	7
4899	4
4900	6
4901	1
4902	5
4903	4
4904	2
4905	2
4906	0
4907	3
4908	2
4909	2
4910	2
4911	2
4912	2
4913	0
4914	2
4915	2
4916	4
4917	0
4918	3
4919	1
4920	3
4921	2
4922	2
4923	3
4924	0
4925	1
4926	4
4927	2
4928	0
4929	1
4930	1
4931	3
4932	3
4933	2
4934	0
4935	0
4936	1
4937	0
4938	1
4939	1
4940	1
4941	0
4942	0
4943	1
4944	1
4945	1
4946	0
4947	0
4948	0
4949	0
4950	0
4951	0
4952	0
4953	0
4954	0
4955	1
4956	0
4957	0
4958	0
4959	0
4960	0
4961	0
4962	0
4963	0
4964	0
4965	0
4966	0
4967	0
4968	0
4969	0
4970	0
4971	0
4972	0
4973	0
4974	0
4975	0
4976	0
4977	0
4978	0
4979	0
4980	0
4981	0
4982	0
4983	0
4984	0
4985	0
4986	0
4987	0
4988	0
4989	0
4990	0
4991	0
4992	0
4993	0
4994	0
4995	0
4996	0
4997	0
4998	0
4999	0
5000	0
5001	0
5002	0
5003	0
5004	0
5005	0
5006	0
5007	0
5008	0
5009	0
5010	0
5011	0
5012	0
5013	0
5014	0
5015	0
5016	0
5017	0
5018	0
5019	0
5020	0
5021	0
5022	0
5023	0
5024	0
5025	0
5026	0
5027	0
5028	0
5029	0
5030	0
5031	0
5032	0
5033	0
5034	0
5035	0
5036	0
5037	0
5038	0
5039	0
5040	0
5041	0
5042	0
5043	0
5044	0
5045	0
5046	0
5047	0
5048	0
5049	0
5050	0
5051	0
5052	0
5053	0
5054	0
5055	0
5056	0
5057	0
5058	0
5059	0
5060	0
5061	0
5062	0
5063	0
5064	0
5065	0
5066	0
5067	0
5068	0
5069	0
5070	0
5071	0
5072	0
5073	0
5074	0
5075	0
5076	0
5077	0
5078	0
5079	0
5080	0
5081	0
5082	0
5083	0
5084	0
5085	0
5086	0
5087	0
5088	0
5089	0
5090	0
5091	0
5092	0
5093	0
5094	0
5095	0
5096	0
5097	0
5098	0
5099	0
5100	0
5101	0
5102	0
5103	0
5104	0
5105	0
5106	0
5107	0
5108	0
5109	0
5110	0
5111	0
5112	0
5113	0
5114	0
5115	0
5116	0
5117	0
5118	0
5119	0
5120	0
5121	0
5122	0
5123	0
5124	0
5125	0
5126	0
5127	0
5128	0
5129	0
5130	0
5131	0
5132	0
5133	0
5134	0
5135	0
5136	0
5137	0
5138	0
5139	0
5140	0
5141	0
5142	0
5143	0
5144	0
5145	0
5146	0
5147	0
5148	0
5149	0
5150	0
5151	0
5152	0
5153	0
5154	0
5155	0
5156	0
5157	0
5158	0
5159	0
5160	0
5161	0
5162	0
5163	0
5164	0
5165	0
5166	0
5167	0
5168	0
5169	0
5170	0
5171	0
5172	0
5173	0
5174	0
5175	0
5176	0
5177	0
5178	0
5179	0
5180	0
5181	0
5182	0
5183	0
5184	0
5185	0
5186	0
5187	0
5188	0
5189	0
5190	0
5191	0
5192	0
5193	0
5194	0
5195	0
5196	0
5197	0
5198	0
5199	0
5200	0
5201	0
5202	0
5203	0
5204	0
5205	0
5206	0
5207	0
5208	0
5209	0
5210	0
5211	0
5212	0
5213	0
5214	0
5215	0
5216	0
5217	0
5218	0
5219	0
5220	0
5221	0
5222	0
5223	0
5224	0
5225	0
5226	0
5227	0
5228	0
5229	0
5230	0
5231	0
5232	0
5233	0
5234	0
5235	0
5236	0
5237	0
5238	0
5239	0
5240	0
5241	0
5242	0
5243	0
5244	0
5245	0
5246	0
5247	0
5248	0
5249	0
5250	0
5251	0
5252	0
5253	0
5254	0
5255	0
5256	0
5257	0
5258	0
5259	0
5260	0
5261	0
5262	0
5263	0
5264	0
5265	0
5266	0
5267	0
5268	0
5269	0
5270	0
5271	0
5272	0
5273	0
5274	0
5275	0
5276	0
5277	0
5278	0
5279	0
5280	0
5281	0
5282	0
5283	0
5284	0
5285	0
5286	0
5287	0
5288	0
5289	0
5290	0
5291	0
5292	0
5293	0
5294	0
5295	0
5296	0
5297	0
5298	0
5299	0
5300	0
5301	0
5302	0
5303	0
5304	0
5305	0
5306	0
5307	0
5308	0
5309	0
5310	0
5311	0
5312	0
5313	0
5314	0
5315	0
5316	0
5317	0
5318	0
5319	0
5320	0
5321	0
5322	0
5323	0
5324	0
5325	0
5326	0
5327	0
5328	0
5329	0
5330	0
5331	0
5332	0
5333	0
5334	0
5335	0
5336	0
5337	0
5338	0
5339	0
5340	0
5341	0
5342	0
5343	0
5344	0
5345	0
5346	0
5347	0
5348	0
5349	0
5350	0
5351	0
5352	0
5353	0
5354	0
5355	0
5356	0
5357	0
5358	0
5359	0
5360	0
5361	0
5362	0
5363	0
5364	0
5365	0
5366	0
5367	0
5368	0
5369	0
5370	0
5371	0
5372	0
5373	0
5374	0
5375	0
5376	0
5377	0
5378	0
5379	0
5380	0
5381	0
5382	0
5383	0
5384	0
5385	0
5386	0
5387	0
5388	0
5389	0
5390	0
5391	0
5392	0
5393	0
5394	0
5395	0
5396	0
5397	0
5398	0
5399	0
5400	0
5401	0
5402	0
5403	0
5404	0
5405	0
5406	0
5407	0
5408	0
5409	0
5410	0
5411	0
5412	0
5413	0
5414	0
5415	0
5416	0
5417	0
5418	0
5419	0
5420	0
5421	0
5422	0
5423	0
5424	0
5425	0
5426	0
5427	0
5428	0
5429	0
5430	0
5431	0
5432	0
5433	0
5434	0
5435	0
5436	0
5437	0
5438	0
5439	0
5440	0
5441	0
5442	0
5443	0
5444	0
5445	0
5446	0
5447	0
5448	0
5449	0
5450	0
5451	0
5452	0
5453	0
5454	0
5455	0
5456	0
5457	0
5458	0
5459	0
5460	0
5461	0
5462	0
5463	0
5464	0
5465	0
5466	0
5467	0
5468	0
5469	0
5470	0
5471	0
5472	0
5473	0
5474	0
5475	0
5476	0
5477	0
5478	0
5479	0
5480	0
5481	0
5482	0
5483	0
5484	0
5485	0
5486	0
5487	0
5488	0
5489	0
5490	0
5491	0
5492	0
5493	0
5494	0
5495	0
5496	0
5497	0
5498	0
5499	0
5500	0
5501	0
5502	0
5503	0
5504	0
5505	0
5506	0
5507	0
5508	0
5509	0
5510	0
5511	0
5512	0
5513	0
5514	0
5515	0
5516	0
5517	0
5518	0
5519	0
5520	0
5521	0
5522	0
5523	0
5524	0
5525	0
5526	0
5527	0
5528	0
5529	0
5530	0
5531	0
5532	0
5533	0
5534	0
5535	0
5536	0
5537	0
5538	0
5539	0
5540	0
5541	0
5542	0
5543	0
5544	0
5545	0
5546	0
5547	0
5548	0
5549	0
5550	0
5551	0
5552	0
5553	0
5554	0
5555	0
5556	0
5557	0
5558	0
5559	0
5560	0
5561	0
5562	0
5563	0
5564	0
5565	0
5566	0
5567	0
5568	0
5569	0
5570	0
5571	0
5572	0
5573	0
5574	0
5575	0
5576	0
5577	0
5578	0
5579	0
5580	0
5581	0
5582	0
5583	0
5584	0
5585	0
5586	0
5587	0
5588	0
5589	0
5590	0
5591	0
5592	0
5593	0
5594	0
5595	0
5596	0
5597	0
5598	0
5599	0
5600	0
5601	0
5602	0
5603	0
5604	0
5605	0
5606	0
5607	0
5608	0
5609	0
5610	0
5611	0
5612	0
5613	0
5614	0
5615	0
5616	0
5617	0
5618	0
5619	0
5620	0
5621	0
5622	0
5623	0
5624	0
5625	0
5626	0
5627	0
5628	0
5629	0
5630	0
5631	0
5632	0
5633	0
5634	0
5635	0
5636	0
5637	0
5638	0
5639	0
5640	0
5641	0
5642	0
5643	0
5644	0
5645	0
5646	0
5647	0
5648	0
5649	0
5650	0
5651	0
5652	0
5653	0
5654	0
5655	0
5656	0
5657	0
5658	0
5659	0
5660	0
5661	0
5662	0
5663	0
5664	0
5665	0
5666	0
5667	0
5668	0
5669	0
5670	0
5671	0
5672	0
5673	0
5674	0
5675	0
5676	0
5677	0
5678	0
5679	0
5680	0
5681	0
5682	0
5683	0
5684	0
5685	0
5686	0
5687	0
5688	0
5689	0
5690	0
5691	0
5692	0
5693	0
5694	0
5695	0
5696	0
5697	0
5698	0
5699	0
5700	0
5701	0
5702	0
5703	0
5704	0
5705	0
5706	0
5707	0
5708	0
5709	0
5710	0
5711	0
5712	0
5713	0
5714	0
5715	0
5716	0
5717	0
5718	0
5719	0
5720	0
5721	0
5722	0
5723	0
5724	0
5725	0
5726	0
5727	0
5728	0
5729	0
5730	0
5731	0
5732	0
5733	0
5734	0
5735	0
5736	0
5737	0
5738	0
5739	0
5740	0
5741	0
5742	0
5743	0
5744	0
5745	0
5746	0
5747	0
5748	0
5749	0
5750	0
5751	0
5752	0
5753	0
5754	0
5755	0
5756	0
5757	0
5758	0
5759	0
5760	0
5761	0
5762	0
5763	0
5764	0
5765	0
5766	0
5767	0
5768	0
5769	0
5770	0
5771	0
5772	0
5773	0
5774	0
5775	0
5776	0
5777	0
5778	0
5779	0
5780	0
5781	0
5782	0
5783	0
5784	0
5785	0
5786	0
5787	0
5788	0
5789	0
5790	0
5791	0
5792	0
5793	0
5794	0
5795	0
5796	0
5797	0
5798	0
5799	0
5800	0
5801	0
5802	0
5803	0
5804	0
5805	0
5806	0
5807	0
5808	0
5809	0
5810	0
5811	0
5812	0
5813	0
5814	0
5815	0
5816	0
5817	0
5818	0
5819	0
5820	0
5821	0
5822	0
5823	0
5824	0
5825	0
5826	0
5827	0
5828	0
5829	0
5830	0
5831	0
5832	0
5833	0
5834	0
5835	0
5836	0
5837	0
5838	0
5839	0
5840	0
5841	0
5842	0
5843	0
5844	0
5845	0
5846	0
5847	0
5848	0
5849	0
5850	0
5851	0
5852	0
5853	0
5854	0
5855	0
5856	0
5857	0
5858	0
5859	0
5860	0
5861	0
5862	0
5863	0
5864	0
5865	0
5866	0
5867	0
5868	0
5869	0
5870	0
5871	0
5872	0
5873	0
5874	0
5875	0
5876	0
5877	0
5878	0
5879	0
5880	0
5881	0
5882	0
5883	0
5884	0
5885	0
5886	0
5887	0
5888	0
5889	0
5890	0
5891	0
5892	0
5893	0
5894	0
5895	0
5896	0
5897	0
5898	0
5899	0
5900	0
5901	0
5902	0
5903	0
5904	0
5905	0
5906	0
5907	0
5908	0
5909	0
5910	0
5911	0
5912	0
5913	0
5914	0
5915	0
5916	0
5917	0
5918	0
5919	0
5920	0
5921	0
5922	0
5923	0
5924	0
5925	0
5926	0
5927	0
5928	0
5929	0
5930	0
5931	0
5932	0
5933	0
5934	0
5935	0
5936	0
5937	0
5938	0
5939	0
5940	0
5941	0
5942	0
5943	0
5944	0
5945	0
5946	0
5947	0
5948	0
5949	0
5950	0
5951	0
5952	0
5953	0
5954	0
5955	0
5956	0
5957	0
5958	0
5959	0
5960	0
5961	0
5962	0
5963	0
5964	0
5965	0
5966	0
5967	0
5968	0
5969	0
5970	0
5971	0
5972	0
5973	0
5974	0
5975	0
5976	0
5977	0
5978	0
5979	0
5980	0
5981	0
5982	0
5983	0
5984	0
5985	0
5986	0
5987	0
5988	0
5989	0
5990	0
5991	0
5992	0
5993	0
5994	0
5995	0
5996	0
5997	0
5998	0
5999	0
6000	0
6001	0
6002	0
6003	0
6004	0
6005	0
6006	0
6007	0
6008	0
6009	0
6010	0
6011	0
6012	0
6013	0
6014	0
6015	0
6016	0
6017	0
6018	0
6019	0
6020	0
6021	0
6022	0
6023	0
6024	0
6025	0
6026	0
6027	0
6028	0
6029	0
6030	0
6031	0
6032	0
6033	0
6034	0
6035	0
6036	0
6037	0
6038	0
6039	0
6040	0
6041	0
6042	0
6043	0
6044	0
6045	0
6046	0
6047	0
6048	0
6049	0
6050	0
6051	0
6052	0
6053	0
6054	0
6055	0
6056	0
6057	0
6058	0
6059	0
6060	0
6061	0
6062	0
6063	0
6064	0
6065	0
6066	0
6067	0
6068	0
6069	0
6070	0
6071	0
6072	0
6073	0
6074	0
6075	0
6076	0
6077	0
6078	0
6079	0
6080	0
6081	0
6082	0
6083	0
6084	0
6085	0
6086	0
6087	0
6088	0
6089	0
6090	0
6091	0
6092	0
6093	0
6094	0
6095	0
6096	0
6097	0
6098	0
6099	0
6100	0
6101	0
6102	0
6103	0
6104	0
6105	0
6106	0
6107	0
6108	0
6109	0
6110	0
6111	0
6112	0
6113	0
6114	0
6115	0
6116	0
6117	0
6118	0
6119	0
6120	0
6121	0
6122	0
6123	0
6124	0
6125	0
6126	0
6127	0
6128	0
6129	0
6130	0
6131	0
6132	0
6133	0
6134	0
6135	0
6136	0
6137	0
6138	0
6139	0
6140	0
6141	0
6142	0
6143	0
6144	0
6145	0
6146	0
6147	0
6148	0
6149	0
6150	0
6151	0
6152	0
6153	0
6154	0
6155	0
6156	0
6157	0
6158	0
6159	0
6160	0
6161	0
6162	0
6163	0
6164	0
6165	0
6166	0
6167	0
6168	0
6169	0
6170	0
6171	0
6172	0
6173	0
6174	0
6175	0
6176	0
6177	0
6178	0
6179	0
6180	0
6181	0
6182	0
6183	0
6184	0
6185	0
6186	0
6187	0
6188	0
6189	0
6190	0
6191	0
6192	0
6193	0
6194	0
6195	0
6196	0
6197	0
6198	0
6199	0
6200	0
6201	0
6202	0
6203	0
6204	0
6205	0
6206	0
6207	0
6208	0
6209	0
6210	0
6211	0
6212	0
6213	0
6214	0
6215	0
6216	0
6217	0
6218	0
6219	0
6220	0
6221	0
6222	0
6223	0
6224	0
6225	0
6226	0
6227	0
6228	0
6229	0
6230	0
6231	0
6232	0
6233	0
6234	0
6235	0
6236	0
6237	0
6238	0
6239	0
6240	0
6241	0
6242	0
6243	0
6244	0
6245	0
6246	0
6247	0
6248	0
6249	0
6250	0
6251	0
6252	0
6253	0
6254	0
6255	0
6256	0
6257	0
6258	0
6259	0
6260	0
6261	0
6262	0
6263	0
6264	0
6265	0
6266	0
6267	0
6268	0
6269	0
6270	0
6271	0
6272	0
6273	0
6274	0
6275	0
6276	0
6277	0
6278	0
6279	0
6280	0
6281	0
6282	0
6283	0
6284	0
6285	0
6286	0
6287	0
6288	0
6289	0
6290	0
6291	0
6292	0
6293	0
6294	0
6295	0
6296	0
6297	0
6298	0
6299	0
6300	0
6301	0
6302	0
6303	0
6304	0
6305	0
6306	0
6307	0
6308	0
6309	0
6310	0
6311	0
6312	0
6313	0
6314	0
6315	0
6316	0
6317	0
6318	0
6319	0
6320	0
6321	0
6322	0
6323	0
6324	0
6325	0
6326	0
6327	0
6328	0
6329	0
6330	0
6331	0
6332	0
6333	0
6334	0
6335	0
6336	0
6337	0
6338	0
6339	0
6340	0
6341	0
6342	0
6343	0
6344	0
6345	0
6346	0
6347	0
6348	0
6349	0
6350	0
6351	0
6352	0
6353	0
6354	0
6355	0
6356	0
6357	0
6358	0
6359	0
6360	0
6361	0
6362	0
6363	0
6364	0
6365	0
6366	0
6367	0
6368	0
6369	0
6370	0
6371	0
6372	0
6373	0
6374	0
6375	0
6376	0
6377	0
6378	0
6379	0
6380	0
6381	0
6382	0
6383	0
6384	0
6385	0
6386	0
6387	0
6388	0
6389	0
6390	0
6391	0
6392	0
6393	0
6394	0
6395	0
6396	0
6397	0
6398	0
6399	0
6400	0
6401	0
6402	0
6403	0
6404	0
6405	0
6406	0
6407	0
6408	0
6409	0
6410	0
6411	0
6412	0
6413	0
6414	0
6415	0
6416	0
6417	0
6418	0
6419	0
6420	0
6421	0
6422	0
6423	0
6424	0
6425	0
6426	0
6427	0
6428	0
6429	0
6430	0
6431	0
6432	0
6433	0
6434	0
6435	0
6436	0
6437	0
6438	0
6439	0
6440	0
6441	0
6442	0
6443	0
6444	0
6445	0
6446	0
6447	0
6448	0
6449	0
6450	0
6451	0
6452	0
6453	0
6454	0
6455	0
6456	0
6457	0
6458	0
6459	0
6460	0
6461	0
6462	0
6463	0
6464	0
6465	0
6466	0
6467	0
6468	0
6469	0
6470	0
6471	0
6472	0
6473	0
6474	0
6475	0
6476	0
6477	0
6478	0
6479	0
6480	0
6481	0
6482	0
6483	0
6484	0
6485	0
6486	0
6487	0
6488	0
6489	0
6490	0
6491	0
6492	0
6493	0
6494	0
6495	0
6496	0
6497	0
6498	0
6499	0
6500	0
6501	0
6502	0
6503	0
6504	0
6505	0
6506	0
6507	0
6508	0
6509	0
6510	0
6511	0
6512	0
6513	0
6514	0
6515	0
6516	0
6517	0
6518	0
6519	0
6520	0
6521	0
6522	0
6523	0
6524	0
6525	0
6526	0
6527	0
6528	0
6529	0
6530	0
6531	0
6532	0
6533	0
6534	0
6535	0
6536	0
6537	0
6538	0
6539	0
6540	0
6541	0
6542	0
6543	0
6544	0
6545	0
6546	0
6547	0
6548	0
6549	0
6550	0
6551	0
6552	0
6553	0
6554	0
6555	0
6556	0
6557	0
6558	0
6559	0
6560	0
6561	0
6562	0
6563	0
6564	0
6565	0
6566	0
6567	0
6568	0
6569	0
6570	0
6571	0
6572	0
6573	0
6574	0
6575	0
6576	0
6577	0
6578	0
6579	0
6580	0
6581	0
6582	0
6583	0
6584	0
6585	0
6586	0
6587	0
6588	0
6589	0
6590	0
6591	0
6592	0
6593	0
6594	0
6595	0
6596	0
6597	0
6598	0
6599	0
6600	0
6601	0
6602	0
6603	0
6604	0
6605	0
6606	0
6607	0
6608	0
6609	0
6610	0
6611	0
6612	0
6613	0
6614	0
6615	0
6616	0
6617	0
6618	0
6619	0
6620	0
6621	0
6622	0
6623	0
6624	0
6625	0
6626	0
6627	0
6628	0
6629	0
6630	0
6631	0
6632	0
6633	0
6634	0
6635	0
6636	0
6637	0
6638	0
6639	0
6640	0
6641	0
6642	0
6643	0
6644	0
6645	0
6646	0
6647	0
6648	0
6649	0
6650	0
6651	0
6652	0
6653	0
6654	0
6655	0
6656	0
6657	0
6658	0
6659	0
6660	0
6661	0
6662	0
6663	0
6664	0
6665	0
6666	0
6667	0
6668	0
6669	0
6670	0
6671	0
6672	0
6673	0
6674	0
6675	0
6676	0
6677	0
6678	0
6679	0
6680	0
6681	0
6682	0
6683	0
6684	0
6685	0
6686	0
6687	0
6688	0
6689	0
6690	0
6691	0
6692	0
6693	0
6694	0
6695	0
6696	0
6697	0
6698	0
6699	0
6700	0
6701	0
6702	0
6703	0
6704	0
6705	0
6706	0
6707	0
6708	0
6709	0
6710	0
6711	0
6712	0
6713	0
6714	0
6715	0
6716	0
6717	0
6718	0
6719	0
6720	0
6721	0
6722	0
6723	0
6724	0
6725	0
6726	0
6727	0
6728	0
6729	0
6730	0
6731	0
6732	0
6733	0
6734	0
6735	0
6736	0
6737	0
6738	0
6739	0
6740	0
6741	0
6742	0
6743	0
6744	0
6745	0
6746	0
6747	0
6748	0
6749	0
6750	0
6751	0
6752	0
6753	0
6754	0
6755	0
6756	0
6757	0
6758	0
6759	0
6760	0
6761	0
6762	0
6763	0
6764	0
6765	0
6766	0
6767	0
6768	0
6769	0
6770	0
6771	0
6772	0
6773	0
6774	0
6775	0
6776	0
6777	0
6778	0
6779	0
6780	0
6781	0
6782	0
6783	0
6784	0
6785	0
6786	0
6787	0
6788	0
6789	0
6790	0
6791	0
6792	0
6793	0
6794	0
6795	0
6796	0
6797	0
6798	0
6799	0
6800	0
6801	0
6802	0
6803	0
6804	0
6805	0
6806	0
6807	0
6808	0
6809	0
6810	0
6811	0
6812	0
6813	0
6814	0
6815	0
6816	0
6817	0
6818	0
6819	0
6820	0
6821	0
6822	0
6823	0
6824	0
6825	0
6826	0
6827	0
6828	0
6829	0
6830	0
6831	0
6832	0
6833	0
6834	0
6835	0
6836	0
6837	0
6838	0
6839	0
6840	0
6841	0
6842	0
6843	0
6844	0
6845	0
6846	0
6847	0
6848	0
6849	0
6850	0
6851	0
6852	0
6853	0
6854	0
6855	0
6856	0
6857	0
6858	0
6859	0
6860	0
6861	0
6862	0
6863	0
6864	0
6865	0
6866	0
6867	0
6868	0
6869	0
6870	0
6871	0
6872	0
6873	0
6874	0
6875	0
6876	0
6877	0
6878	0
6879	0
6880	0
6881	0
6882	0
6883	0
6884	0
6885	0
6886	0
6887	0
6888	0
6889	0
6890	0
6891	0
6892	0
6893	0
6894	0
6895	0
6896	0
6897	0
6898	0
6899	0
6900	0
6901	0
6902	0
6903	0
6904	0
6905	0
6906	0
6907	0
6908	0
6909	0
6910	0
6911	0
6912	0
6913	0
6914	0
6915	0
6916	0
6917	0
6918	0
6919	0
6920	0
6921	0
6922	0
6923	0
6924	0
6925	0
6926	0
6927	0
6928	0
6929	0
6930	0
6931	0
6932	0
6933	0
6934	0
6935	0
6936	0
6937	0
6938	0
6939	0
6940	0
6941	0
6942	0
6943	0
6944	0
6945	0
6946	0
6947	0
6948	0
6949	0
6950	0
6951	0
6952	0
6953	0
6954	0
6955	0
6956	0
6957	0
6958	0
6959	0
6960	0
6961	0
6962	0
6963	0
6964	0
6965	0
6966	0
6967	0
6968	0
6969	0
6970	0
6971	0
6972	0
6973	0
6974	0
6975	0
6976	0
6977	0
6978	0
6979	0
6980	0
6981	0
6982	0
6983	0
6984	0
6985	0
6986	0
6987	0
6988	0
6989	0
6990	0
6991	0
6992	0
6993	0
6994	0
6995	0
6996	0
6997	0
6998	0
6999	0
7000	0
7001	0
7002	0
7003	0
7004	0
7005	0
7006	0
7007	0
7008	0
7009	0
7010	0
7011	0
7012	0
7013	0
7014	0
7015	0
7016	0
7017	0
7018	0
7019	0
7020	0
7021	0
7022	0
7023	0
7024	0
7025	0
7026	0
7027	0
7028	0
7029	0
7030	0
7031	0
7032	0
7033	0
7034	0
7035	0
7036	0
7037	0
7038	0
7039	0
7040	0
7041	0
7042	0
7043	0
7044	0
7045	0
7046	0
7047	0
7048	0
7049	0
7050	0
7051	0
7052	0
7053	0
7054	0
7055	0
7056	0
7057	0
7058	0
7059	0
7060	0
7061	0
7062	0
7063	0
7064	0
7065	0
7066	0
7067	0
7068	0
7069	0
7070	0
7071	0
7072	0
7073	0
7074	0
7075	0
7076	0
7077	0
7078	0
7079	0
7080	0
7081	0
7082	0
7083	0
7084	0
7085	0
7086	0
7087	0
7088	0
7089	0
7090	0
7091	0
7092	0
7093	0
7094	0
7095	0
7096	0
7097	0
7098	0
7099	0
7100	0
7101	0
7102	0
7103	0
7104	0
7105	0
7106	0
7107	0
7108	0
7109	0
7110	0
7111	0
7112	0
7113	0
7114	0
7115	0
7116	0
7117	0
7118	0
7119	0
7120	0
7121	0
7122	0
7123	0
7124	0
7125	0
7126	0
7127	0
7128	0
7129	0
7130	0
7131	0
7132	0
7133	0
7134	0
7135	0
7136	0
7137	0
7138	0
7139	0
7140	0
7141	0
7142	0
7143	0
7144	0
7145	0
7146	0
7147	0
7148	0
7149	0
7150	0
7151	0
7152	0
7153	0
7154	0
7155	0
7156	0
7157	0
7158	0
7159	0
7160	0
7161	0
7162	0
7163	0
7164	0
7165	0
7166	0
7167	0
7168	0
7169	0
7170	0
7171	0
7172	0
7173	0
7174	0
7175	0
7176	0
7177	0
7178	0
7179	0
7180	0
7181	0
7182	0
7183	0
7184	0
7185	0
7186	0
7187	0
7188	0
7189	0
7190	0
7191	0
7192	0
7193	0
7194	0
7195	0
7196	0
7197	0
7198	0
7199	0
7200	0
7201	0
7202	0
7203	0
7204	0
7205	0
7206	0
7207	0
7208	0
7209	0
7210	0
7211	0
7212	0
7213	0
7214	0
7215	0
7216	0
7217	0
7218	0
7219	0
7220	0
7221	0
7222	0
7223	0
7224	0
7225	0
7226	0
7227	0
7228	0
7229	0
7230	0
7231	0
7232	0
7233	0
7234	0
7235	0
7236	0
7237	0
7238	0
7239	0
7240	0
7241	0
7242	0
7243	0
7244	0
7245	0
7246	0
7247	0
7248	0
7249	0
7250	0
7251	0
7252	0
7253	0
7254	0
7255	0
7256	0
7257	0
7258	0
7259	0
7260	0
7261	0
7262	0
7263	0
7264	0
7265	0
7266	0
7267	0
7268	0
7269	0
7270	0
7271	0
7272	0
7273	0
7274	0
7275	0
7276	0
7277	0
7278	0
7279	0
7280	0
7281	0
7282	0
7283	0
7284	0
7285	0
7286	0
7287	0
7288	0
7289	0
7290	0
7291	0
7292	0
7293	0
7294	0
7295	0
7296	0
7297	0
7298	0
7299	0
7300	0
7301	0
7302	0
7303	0
7304	0
7305	0
7306	0
7307	0
7308	0
7309	0
7310	0
7311	0
7312	0
7313	0
7314	0
7315	0
7316	0
7317	0
7318	0
7319	0
7320	0
7321	0
7322	0
7323	0
7324	0
7325	0
7326	0
7327	0
7328	0
7329	0
7330	0
7331	0
7332	0
7333	0
7334	0
7335	0
7336	0
7337	0
7338	0
7339	0
7340	0
7341	0
7342	0
7343	0
7344	0
7345	0
7346	0
7347	0
7348	0
7349	0
7350	0
7351	0
7352	0
7353	0
7354	0
7355	0
7356	0
7357	0
7358	0
7359	0
7360	0
7361	0
7362	0
7363	0
7364	0
7365	0
7366	0
7367	0
7368	0
7369	0
7370	0
7371	0
7372	0
7373	0
7374	0
7375	0
7376	0
7377	0
7378	0
7379	0
7380	0
7381	0
7382	0
7383	0
7384	0
7385	0
7386	0
7387	0
7388	0
7389	0
7390	0
7391	0
7392	0
7393	0
7394	0
7395	0
7396	0
7397	0
7398	0
7399	0
7400	0
7401	0
7402	0
7403	0
7404	0
7405	0
7406	0
7407	0
7408	0
7409	0
7410	0
7411	0
7412	0
7413	0
7414	0
7415	0
7416	0
7417	0
7418	0
7419	0
7420	0
7421	0
7422	0
7423	0
7424	0
7425	0
7426	0
7427	0
7428	0
7429	0
7430	0
7431	0
7432	0
7433	0
7434	0
7435	0
7436	0
7437	0
7438	0
7439	0
7440	0
7441	0
7442	0
7443	0
7444	0
7445	0
7446	0
7447	0
7448	0
7449	0
7450	0
7451	0
7452	0
7453	0
7454	0
7455	0
7456	0
7457	0
7458	0
7459	0
7460	0
7461	0
7462	0
7463	0
7464	0
7465	0
7466	0
7467	0
7468	0
7469	0
7470	0
7471	0
7472	0
7473	0
7474	0
7475	0
7476	0
7477	0
7478	0
7479	0
7480	0
7481	0
7482	0
7483	0
7484	0
7485	0
7486	0
7487	0
7488	0
7489	0
7490	0
7491	0
7492	0
7493	0
7494	0
7495	0
7496	0
7497	0
7498	0
7499	0
7500	0
7501	0
7502	0
7503	0
7504	0
7505	0
7506	0
7507	0
7508	0
7509	0
7510	0
7511	0
7512	0
7513	0
7514	0
7515	0
7516	0
7517	0
7518	0
7519	0
7520	0
7521	0
7522	0
7523	0
7524	0
7525	0
7526	0
7527	0
7528	0
7529	0
7530	0
7531	0
7532	0
7533	0
7534	0
7535	0
7536	0
7537	0
7538	0
7539	0
7540	0
7541	0
7542	0
7543	0
7544	0
7545	0
7546	0
7547	0
7548	0
7549	0
7550	0
7551	0
7552	0
7553	0
7554	0
7555	0
7556	0
7557	0
7558	0
7559	0
7560	0
7561	0
7562	0
7563	0
7564	0
7565	0
7566	0
7567	0
7568	0
7569	0
7570	0
7571	0
7572	0
7573	0
7574	0
7575	0
7576	0
7577	0
7578	0
7579	0
7580	0
7581	0
7582	0
7583	0
7584	0
7585	0
7586	0
7587	0
7588	0
7589	0
7590	0
7591	0
7592	0
7593	0
7594	0
7595	0
7596	0
7597	0
7598	0
7599	0
7600	0
7601	0
7602	0
7603	0
7604	0
7605	0
7606	0
7607	0
7608	0
7609	0
7610	0
7611	0
7612	0
7613	0
7614	0
7615	0
7616	0
7617	0
7618	0
7619	0
7620	0
7621	0
7622	0
7623	0
7624	0
7625	0
7626	0
7627	0
7628	0
7629	0
7630	0
7631	0
7632	0
7633	0
7634	0
7635	0
7636	0
7637	0
7638	0
7639	0
7640	0
7641	0
7642	0
7643	0
7644	0
7645	0
7646	0
7647	0
7648	0
7649	0
7650	0
7651	0
7652	0
7653	0
7654	0
7655	0
7656	0
7657	0
7658	0
7659	0
7660	0
7661	0
7662	0
7663	0
7664	0
7665	0
7666	0
7667	0
7668	0
7669	0
7670	0
7671	0
7672	0
7673	0
7674	0
7675	0
7676	0
7677	0
7678	0
7679	0
7680	0
7681	0
7682	0
7683	0
7684	0
7685	0
7686	0
7687	0
7688	0
7689	0
7690	0
7691	0
7692	0
7693	0
7694	0
7695	0
7696	0
7697	0
7698	0
7699	0
7700	0
7701	0
7702	0
7703	0
7704	0
7705	0
7706	0
7707	0
7708	0
7709	0
7710	0
7711	0
7712	0
7713	0
7714	0
7715	0
7716	0
7717	0
7718	0
7719	0
7720	0
7721	0
7722	0
7723	0
7724	0
7725	0
7726	0
7727	0
7728	0
7729	0
7730	0
7731	0
7732	0
7733	0
7734	0
7735	0
7736	0
7737	0
7738	0
7739	0
7740	0
7741	0
7742	0
7743	0
7744	0
7745	0
7746	0
7747	0
7748	0
7749	0
7750	0
7751	0
7752	0
7753	0
7754	0
7755	0
7756	0
7757	0
7758	0
7759	0
7760	0
7761	0
7762	0
7763	0
7764	0
7765	0
7766	0
7767	0
7768	0
7769	0
7770	0
7771	0
7772	0
7773	0
7774	0
7775	0
7776	0
7777	0
7778	0
7779	0
7780	0
7781	0
7782	0
7783	0
7784	0
7785	0
7786	0
7787	0
7788	0
7789	0
7790	0
7791	0
7792	0
7793	0
7794	0
7795	0
7796	0
7797	0
7798	0
7799	0
7800	0
7801	0
7802	0
7803	0
7804	0
7805	0
7806	0
7807	0
7808	0
7809	0
7810	0
7811	0
7812	0
7813	0
7814	0
7815	0
7816	0
7817	0
7818	0
7819	0
7820	0
7821	0
7822	0
7823	0
7824	0
7825	0
7826	0
7827	0
7828	0
7829	0
7830	0
7831	0
7832	0
7833	0
7834	0
7835	0
7836	0
7837	0
7838	0
7839	0
7840	0
7841	0
7842	0
7843	0
7844	0
7845	0
7846	0
7847	0
7848	0
7849	0
7850	0
7851	0
7852	0
7853	0
7854	0
7855	0
7856	0
7857	0
7858	0
7859	0
7860	0
7861	0
7862	0
7863	0
7864	0
7865	0
7866	0
7867	0
7868	0
7869	0
7870	0
7871	0
7872	0
7873	0
7874	0
7875	0
7876	0
7877	0
7878	0
7879	0
7880	0
7881	0
7882	0
7883	0
7884	0
7885	0
7886	0
7887	0
7888	0
7889	0
7890	0
7891	0
7892	0
7893	0
7894	0
7895	0
7896	0
7897	0
7898	0
7899	0
7900	0
7901	0
7902	0
7903	0
7904	0
7905	0
7906	0
7907	0
7908	0
7909	0
7910	0
7911	0
7912	0
7913	0
7914	0
7915	0
7916	0
7917	0
7918	0
7919	0
7920	0
7921	0
7922	0
7923	0
7924	0
7925	0
7926	0
7927	0
7928	0
7929	0
7930	0
7931	0
7932	0
7933	0
7934	0
7935	0
7936	0
7937	0
7938	0
7939	0
7940	0
7941	0
7942	0
7943	0
7944	0
7945	0
7946	0
7947	0
7948	0
7949	0
7950	0
7951	0
7952	0
7953	0
7954	0
7955	0
7956	0
7957	0
7958	0
7959	0
7960	0
7961	0
7962	0
7963	0
7964	0
7965	0
7966	0
7967	0
7968	0
7969	0
7970	0
7971	0
7972	0
7973	0
7974	0
7975	0
7976	0
7977	0
7978	0
7979	0
7980	0
7981	0
7982	0
7983	0
7984	0
7985	0
7986	0
7987	0
7988	0
7989	0
7990	0
7991	0
7992	0
7993	0
7994	0
7995	0
7996	0
7997	0
7998	0
7999	0
8000	0
8001	0
8002	0
8003	0
8004	0
8005	0
8006	0
8007	0
8008	0
8009	0
8010	0
8011	0
8012	0
8013	0
8014	0
8015	0
8016	0
8017	0
8018	0
8019	0
8020	0
8021	0
8022	0
8023	0
8024	0
8025	0
8026	0
8027	0
8028	0
8029	0
8030	0
8031	0
8032	0
8033	0
8034	0
8035	0
8036	0
8037	0
8038	0
8039	0
8040	0
8041	0
8042	0
8043	0
8044	0
8045	0
8046	0
8047	0
8048	0
8049	0
8050	0
8051	0
8052	0
8053	0
8054	0
8055	0
8056	0
8057	0
8058	0
8059	0
8060	0
8061	0
8062	0
8063	0
8064	0
8065	0
8066	0
8067	0
8068	0
8069	0
8070	0
8071	0
8072	0
8073	0
8074	0
8075	0
8076	0
8077	0
8078	0
8079	0
8080	0
8081	0
8082	0
8083	0
8084	0
8085	0
8086	0
8087	0
8088	0
8089	0
8090	0
8091	0
8092	0
8093	0
8094	0
8095	0
8096	0
8097	0
8098	0
8099	0
8100	0
8101	0
8102	0
8103	0
8104	0
8105	0
8106	0
8107	0
8108	0
8109	0
8110	0
8111	0
8112	0
8113	0
8114	0
8115	0
8116	0
8117	0
8118	0
8119	0
8120	0
8121	0
8122	0
8123	0
8124	0
8125	0
8126	0
8127	0
8128	0
8129	0
8130	0
8131	0
8132	0
8133	0
8134	0
8135	0
8136	0
8137	0
8138	0
8139	0
8140	0
8141	0
8142	0
8143	0
8144	0
8145	0
8146	0
8147	0
8148	0
8149	0
8150	0
8151	0
8152	0
8153	0
8154	0
8155	0
8156	0
8157	0
8158	0
8159	0
8160	0
8161	0
8162	0
8163	0
8164	0
8165	0
8166	0
8167	0
8168	0
8169	0
8170	0
8171	0
8172	0
8173	0
8174	0
8175	0
8176	0
8177	0
8178	0
8179	0
8180	0
8181	0
8182	0
8183	0
8184	0
8185	0
8186	0
8187	0
8188	0
8189	0
8190	0
8191	0
