2.378731E+1
2.377803E+1
2.378628E+1
2.377752E+1
2.376460E+1
2.377156E+1
2.378473E+1
2.380206E+1
2.379351E+1
2.377338E+1
2.376070E+1
2.377028E+1
2.376046E+1
2.375219E+1
2.374392E+1
2.372531E+1
2.373100E+1
2.372324E+1
2.371911E+1
2.372428E+1
2.371859E+1
2.371293E+1
2.371241E+1
2.369484E+1
2.369380E+1
2.367364E+1
2.366950E+1
2.366227E+1
2.365141E+1
2.364213E+1
2.363875E+1
2.363024E+1
2.362662E+1
2.363075E+1
2.362972E+1
2.363024E+1
2.361628E+1
2.361162E+1
2.360077E+1
2.360232E+1
2.359070E+1
2.358011E+1
2.357856E+1
2.356408E+1
2.355760E+1
2.354160E+1
2.351625E+1
2.351005E+1
2.351005E+1
2.347515E+1
2.347594E+1
2.347077E+1
2.343767E+1
2.341363E+1
2.338855E+1
2.336064E+1
2.334616E+1
2.332884E+1
2.331512E+1
2.329831E+1
2.327193E+1
2.325098E+1
2.325047E+1
2.327116E+1
2.326419E+1
2.328020E+1
2.324763E+1
2.324298E+1
2.326599E+1
2.323497E+1
2.323211E+1
2.320160E+1
2.319643E+1
2.323521E+1
2.318349E+1
2.317366E+1
2.316331E+1
2.316409E+1
2.313383E+1
2.310408E+1
2.309321E+1
2.307485E+1
2.305570E+1
2.303344E+1
2.304455E+1
2.302567E+1
2.287870E+1
2.299695E+1
2.293563E+1
2.294209E+1
2.295270E+1
2.295555E+1
2.291467E+1
2.284296E+1
2.292735E+1
2.288077E+1
2.291364E+1
2.295011E+1
2.285332E+1
2.285073E+1
2.283623E+1
2.281838E+1
2.281061E+1
2.277490E+1
2.281606E+1
2.278266E+1
2.277981E+1
2.273891E+1
2.272776E+1
2.271587E+1
2.272130E+1
2.271663E+1
2.274305E+1
2.273010E+1
2.271173E+1
2.270033E+1
2.269488E+1
2.266821E+1
2.264309E+1
2.263636E+1
2.261176E+1
2.258691E+1
2.257603E+1
2.258225E+1
2.261566E+1
2.253665E+1
2.256359E+1
2.254235E+1
2.253485E+1
2.251905E+1
2.251231E+1
2.249832E+1
2.248744E+1
2.245454E+1
2.243435E+1
2.249082E+1
2.241206E+1
2.239029E+1
2.237293E+1
2.235686E+1
2.236827E+1
2.233432E+1
2.231514E+1
2.229519E+1
2.225243E+1
2.222418E+1
2.222158E+1
2.220605E+1
2.219333E+1
2.218686E+1
2.216276E+1
2.215160E+1
2.215602E+1
2.218375E+1
2.214900E+1
2.289007E+1
2.283830E+1
2.281036E+1
2.279016E+1
2.275418E+1
2.271483E+1
2.264751E+1
2.256954E+1
2.264077E+1
2.259313E+1
2.260710E+1
2.258146E+1
2.267729E+1
2.265943E+1
2.265373E+1
2.266330E+1
2.266044E+1
2.267521E+1
2.259752E+1
2.257448E+1
2.241983E+1
2.239651E+1
2.236128E+1
2.233069E+1
2.228146E+1
2.224983E+1
2.225087E+1
2.224285E+1
2.219385E+1
2.214952E+1
2.208575E+1
2.188894E+1
2.182437E+1
2.203365E+1
2.211013E+1
2.205880E+1
2.204998E+1
2.202300E+1
2.203002E+1
2.201989E+1
2.200280E+1
2.199422E+1
2.202508E+1
2.203857E+1
2.201421E+1
2.197453E+1
2.193070E+1
2.190710E+1
2.195949E+1
2.201394E+1
2.190243E+1
2.196883E+1
2.193977E+1
2.194782E+1
2.191773E+1
2.189776E+1
2.189438E+1
2.190268E+1
2.188634E+1
2.184822E+1
2.181942E+1
2.160329E+1
2.160561E+1
2.150984E+1
2.119357E+1
2.151323E+1
2.150024E+1
2.149688E+1
2.148778E+1
2.146312E+1
2.144133E+1
2.145585E+1
2.148674E+1
2.147455E+1
2.149273E+1
2.153113E+1
2.153996E+1
2.154775E+1
2.155554E+1
2.156306E+1
2.154516E+1
2.149221E+1
2.143171E+1
2.140237E+1
2.139225E+1
2.142575E+1
2.139250E+1
2.141380E+1
2.143742E+1
2.127852E+1
2.127488E+1
2.126006E+1
2.126838E+1
2.128733E+1
2.126942E+1
2.125694E+1
2.121540E+1
2.119045E+1
2.116449E+1
2.113981E+1
2.114942E+1
2.133850E+1
2.113670E+1
2.117721E+1
2.116241E+1
2.113694E+1
2.108395E+1
2.105330E+1
2.103979E+1
2.106264E+1
2.097611E+1
2.103459E+1
2.101718E+1
2.100939E+1
2.100859E+1
2.099431E+1
2.097378E+1
2.096026E+1
2.091998E+1
2.093506E+1
2.093946E+1
2.094882E+1
2.094130E+1
2.094286E+1
2.094778E+1
2.096754E+1
2.094154E+1
2.094570E+1
2.093323E+1
2.089529E+1
2.086904E+1
2.103407E+1
2.090022E+1
2.085291E+1
2.086876E+1
2.083238E+1
2.083654E+1
2.082666E+1
2.085579E+1
2.086151E+1
2.085839E+1
2.085371E+1
2.084043E+1
2.084955E+1
2.084487E+1
2.082953E+1
2.081990E+1
2.081809E+1
2.080249E+1
2.077700E+1
2.077076E+1
2.075622E+1
2.072944E+1
2.071123E+1
2.070992E+1
2.068810E+1
2.066624E+1
2.072788E+1
2.075387E+1
2.062881E+1
2.061656E+1
2.062125E+1
2.062437E+1
2.062100E+1
2.061552E+1
2.063609E+1
2.064466E+1
2.063193E+1
2.062828E+1
2.061656E+1
2.060722E+1
2.062048E+1
2.066156E+1
2.067509E+1
2.066208E+1
2.065272E+1
2.070266E+1
2.077180E+1
2.069746E+1
2.079860E+1
2.066936E+1
2.065299E+1
2.057132E+1
2.058068E+1
2.053751E+1
2.059838E+1
2.066183E+1
2.069902E+1
2.066624E+1
2.061684E+1
2.055622E+1
2.054297E+1
2.050552E+1
2.049015E+1
2.047873E+1
2.046596E+1
2.046519E+1
2.046076E+1
2.041862E+1
2.037908E+1
2.072241E+1
2.108291E+1
2.099587E+1
2.096806E+1
2.092906E+1
2.089036E+1
2.089009E+1
2.089893E+1
2.086332E+1
2.083679E+1
2.083758E+1
2.085995E+1
2.083654E+1
2.080898E+1
2.079704E+1
2.078560E+1
2.078404E+1
2.076479E+1
2.071331E+1
2.069694E+1
2.069069E+1
2.071564E+1
2.073073E+1
2.075778E+1
2.075050E+1
2.075154E+1
2.075882E+1
2.073569E+1
2.072553E+1
2.069250E+1
2.063141E+1
2.069694E+1
2.069954E+1
2.065740E+1
2.066235E+1
2.066988E+1
2.075075E+1
2.063713E+1
2.070888E+1
2.061656E+1
2.061788E+1
2.065063E+1
2.050812E+1
2.051670E+1
2.052034E+1
2.051982E+1
2.051566E+1
2.050056E+1
2.048262E+1
2.049199E+1
2.047949E+1
2.046363E+1
2.044125E+1
2.045270E+1
2.045791E+1
2.045503E+1
2.058953E+1
1.985237E+1
1.986332E+1
1.996905E+1
1.990995E+1
1.989171E+1
1.988650E+1
1.988545E+1
1.984170E+1
1.983259E+1
1.980625E+1
1.991255E+1
1.979221E+1
1.974139E+1
1.975311E+1
1.967938E+1
1.967103E+1
1.966582E+1
1.968744E+1
1.969266E+1
1.973044E+1
1.978126E+1
1.984065E+1
1.985185E+1
1.989431E+1
1.980938E+1
1.976016E+1
1.973228E+1
1.970621E+1
1.966791E+1
1.986175E+1
1.987218E+1
1.979819E+1
1.977473E+1
1.982164E+1
1.980417E+1
1.977942E+1
1.978126E+1
1.977317E+1
1.977761E+1
1.978230E+1
1.976823E+1
1.974817E+1
1.974998E+1
1.974790E+1
1.970882E+1
1.971220E+1
1.970284E+1
1.972054E+1
1.976510E+1
1.980730E+1
1.984768E+1
1.979714E+1
1.976850E+1
1.975025E+1
1.976172E+1
1.973879E+1
1.969110E+1
1.971977E+1
1.974737E+1
1.974556E+1
1.972394E+1
1.975884E+1
1.974320E+1
1.977135E+1
1.976614E+1
1.972915E+1
1.974790E+1
1.973253E+1
1.970597E+1
