2.379490E+1
2.378555E+1
2.379386E+1
2.378503E+1
2.377201E+1
2.377903E+1
2.379229E+1
2.380975E+1
2.380115E+1
2.378086E+1
2.376810E+1
2.377774E+1
2.376785E+1
2.375952E+1
2.375118E+1
2.373244E+1
2.373817E+1
2.373036E+1
2.372619E+1
2.373140E+1
2.372567E+1
2.371997E+1
2.371945E+1
2.370174E+1
2.370070E+1
2.368040E+1
2.367623E+1
2.366894E+1
2.365800E+1
2.364865E+1
2.364526E+1
2.363668E+1
2.363303E+1
2.363720E+1
2.363616E+1
2.363668E+1
2.362262E+1
2.361793E+1
2.360699E+1
2.360856E+1
2.359685E+1
2.358619E+1
2.358463E+1
2.357005E+1
2.356352E+1
2.354741E+1
2.352189E+1
2.351564E+1
2.351564E+1
2.348050E+1
2.348129E+1
2.347608E+1
2.344275E+1
2.341854E+1
2.339329E+1
2.336519E+1
2.335061E+1
2.333317E+1
2.331935E+1
2.330244E+1
2.327587E+1
2.325479E+1
2.325426E+1
2.327510E+1
2.326808E+1
2.328421E+1
2.325141E+1
2.324673E+1
2.326989E+1
2.323866E+1
2.323578E+1
2.320507E+1
2.319987E+1
2.323891E+1
2.318684E+1
2.317694E+1
2.316652E+1
2.316732E+1
2.313685E+1
2.310691E+1
2.309597E+1
2.307749E+1
2.305821E+1
2.303581E+1
2.304700E+1
2.302799E+1
2.288008E+1
2.299909E+1
2.293738E+1
2.294388E+1
2.295455E+1
2.295743E+1
2.291629E+1
2.284413E+1
2.292904E+1
2.288217E+1
2.291525E+1
2.295194E+1
2.285455E+1
2.285195E+1
2.283735E+1
2.281939E+1
2.281157E+1
2.277564E+1
2.281705E+1
2.278345E+1
2.278057E+1
2.273943E+1
2.272821E+1
2.271625E+1
2.272171E+1
2.271702E+1
2.274360E+1
2.273057E+1
2.271208E+1
2.270061E+1
2.269513E+1
2.266830E+1
2.264304E+1
2.263626E+1
2.261152E+1
2.258652E+1
2.257558E+1
2.258183E+1
2.261544E+1
2.253596E+1
2.256307E+1
2.254169E+1
2.253415E+1
2.251826E+1
2.251149E+1
2.249741E+1
2.248647E+1
2.245338E+1
2.243307E+1
2.248987E+1
2.241066E+1
2.238876E+1
2.237131E+1
2.235515E+1
2.236661E+1
2.233248E+1
2.231319E+1
2.229313E+1
2.225013E+1
2.222173E+1
2.221912E+1
2.220350E+1
2.219071E+1
2.218421E+1
2.215998E+1
2.214875E+1
2.215320E+1
2.218108E+1
2.214614E+1
2.289152E+1
2.283944E+1
2.281132E+1
2.279100E+1
2.275479E+1
2.271521E+1
2.264748E+1
2.256905E+1
2.264070E+1
2.259278E+1
2.260682E+1
2.258104E+1
2.267744E+1
2.265947E+1
2.265373E+1
2.266336E+1
2.266048E+1
2.267535E+1
2.259719E+1
2.257401E+1
2.241847E+1
2.239502E+1
2.235959E+1
2.232883E+1
2.227933E+1
2.224752E+1
2.224857E+1
2.224050E+1
2.219124E+1
2.214667E+1
2.208255E+1
2.188473E+1
2.181983E+1
2.203018E+1
2.210706E+1
2.205546E+1
2.204660E+1
2.201948E+1
2.202653E+1
2.201635E+1
2.199917E+1
2.199055E+1
2.202157E+1
2.203512E+1
2.201064E+1
2.197076E+1
2.192670E+1
2.190298E+1
2.195563E+1
2.201037E+1
2.189829E+1
2.196502E+1
2.193582E+1
2.194391E+1
2.191366E+1
2.189359E+1
2.189019E+1
2.189854E+1
2.188212E+1
2.184380E+1
2.181486E+1
2.159769E+1
2.160003E+1
2.150381E+1
2.118616E+1
2.150721E+1
2.149417E+1
2.149079E+1
2.148165E+1
2.145688E+1
2.143499E+1
2.144957E+1
2.148060E+1
2.146835E+1
2.148661E+1
2.152520E+1
2.153407E+1
2.154189E+1
2.154972E+1
2.155727E+1
2.153928E+1
2.148609E+1
2.142532E+1
2.139585E+1
2.138569E+1
2.141933E+1
2.138594E+1
2.140733E+1
2.143106E+1
2.127147E+1
2.126781E+1
2.125293E+1
2.126128E+1
2.128031E+1
2.126232E+1
2.124980E+1
2.120807E+1
2.118302E+1
2.115696E+1
2.113218E+1
2.114182E+1
2.133170E+1
2.112905E+1
2.116973E+1
2.115487E+1
2.112930E+1
2.107609E+1
2.104532E+1
2.103175E+1
2.105469E+1
2.096782E+1
2.102653E+1
2.100905E+1
2.100123E+1
2.100043E+1
2.098609E+1
2.096548E+1
2.095191E+1
2.091147E+1
2.092661E+1
2.093103E+1
2.094043E+1
2.093287E+1
2.093444E+1
2.093938E+1
2.095922E+1
2.093312E+1
2.093730E+1
2.092477E+1
2.088669E+1
2.086034E+1
2.102600E+1
2.089164E+1
2.084416E+1
2.086007E+1
2.082355E+1
2.082772E+1
2.081781E+1
2.084704E+1
2.085278E+1
2.084965E+1
2.084495E+1
2.083163E+1
2.084078E+1
2.083608E+1
2.082069E+1
2.081102E+1
2.080920E+1
2.079354E+1
2.076796E+1
2.076170E+1
2.074711E+1
2.072023E+1
2.070196E+1
2.070064E+1
2.067874E+1
2.065681E+1
2.071867E+1
2.074475E+1
2.061924E+1
2.060696E+1
2.061166E+1
2.061479E+1
2.061141E+1
2.060592E+1
2.062655E+1
2.063515E+1
2.062237E+1
2.061872E+1
2.060696E+1
2.059759E+1
2.061089E+1
2.065211E+1
2.066569E+1
2.065263E+1
2.064323E+1
2.069336E+1
2.076274E+1
2.068814E+1
2.078964E+1
2.065994E+1
2.064351E+1
2.056156E+1
2.057096E+1
2.052764E+1
2.058871E+1
2.065238E+1
2.068970E+1
2.065681E+1
2.060723E+1
2.054642E+1
2.053311E+1
2.049554E+1
2.048012E+1
2.046866E+1
2.045586E+1
2.045508E+1
2.045063E+1
2.040836E+1
2.036869E+1
2.071317E+1
2.107504E+1
2.098766E+1
2.095974E+1
2.092059E+1
2.088174E+1
2.088147E+1
2.089034E+1
2.085460E+1
2.082797E+1
2.082877E+1
2.085122E+1
2.082772E+1
2.080006E+1
2.078807E+1
2.077659E+1
2.077502E+1
2.075571E+1
2.070405E+1
2.068761E+1
2.068135E+1
2.070638E+1
2.072153E+1
2.074867E+1
2.074136E+1
2.074241E+1
2.074972E+1
2.072650E+1
2.071630E+1
2.068316E+1
2.062185E+1
2.068761E+1
2.069022E+1
2.064793E+1
2.065291E+1
2.066047E+1
2.074161E+1
2.062760E+1
2.069960E+1
2.060696E+1
2.060828E+1
2.064115E+1
2.049815E+1
2.050676E+1
2.051041E+1
2.050989E+1
2.050571E+1
2.049057E+1
2.047257E+1
2.048196E+1
2.046943E+1
2.045352E+1
2.043106E+1
2.044255E+1
2.044777E+1
2.044489E+1
2.057983E+1
1.984052E+1
1.985149E+1
1.995750E+1
1.989824E+1
1.987996E+1
1.987473E+1
1.987369E+1
1.982982E+1
1.982069E+1
1.979430E+1
1.990085E+1
1.978021E+1
1.972928E+1
1.974103E+1
1.966712E+1
1.965876E+1
1.965354E+1
1.967521E+1
1.968044E+1
1.971831E+1
1.976924E+1
1.982878E+1
1.984000E+1
1.988257E+1
1.979743E+1
1.974809E+1
1.972015E+1
1.969402E+1
1.965563E+1
1.984993E+1
1.986038E+1
1.978621E+1
1.976270E+1
1.980972E+1
1.979221E+1
1.976740E+1
1.976924E+1
1.976113E+1
1.976558E+1
1.977029E+1
1.975618E+1
1.973607E+1
1.973789E+1
1.973580E+1
1.969664E+1
1.970002E+1
1.969064E+1
1.970838E+1
1.975304E+1
1.979534E+1
1.983582E+1
1.978517E+1
1.975645E+1
1.973816E+1
1.974966E+1
1.972667E+1
1.967887E+1
1.970761E+1
1.973528E+1
1.973346E+1
1.971179E+1
1.974677E+1
1.973110E+1
1.975931E+1
1.975409E+1
1.971701E+1
1.973580E+1
1.972040E+1
1.969377E+1
