2.175470E+1
2.176813E+1
2.175083E+1
2.174920E+1
2.175186E+1
2.175511E+1
2.171851E+1
2.173355E+1
2.173050E+1
2.174860E+1
2.174920E+1
2.174475E+1
2.175186E+1
2.192613E+1
2.188832E+1
2.185576E+1
2.183219E+1
2.180433E+1
2.176935E+1
2.173883E+1
2.171097E+1
2.170549E+1
2.168454E+1
2.168148E+1
2.164468E+1
2.162941E+1
2.161600E+1
2.159546E+1
2.156189E+1
2.153850E+1
2.150452E+1
2.147766E+1
2.143657E+1
2.142173E+1
2.138694E+1
2.137025E+1
2.134726E+1
2.130841E+1
2.128236E+1
2.126080E+1
2.124696E+1
2.123109E+1
2.123597E+1
2.124086E+1
2.124107E+1
2.121686E+1
2.118817E+1
2.118022E+1
2.115377E+1
2.113078E+1
2.109699E+1
2.106362E+1
2.101703E+1
2.100685E+1
2.100685E+1
2.100319E+1
2.101560E+1
2.101071E+1
2.100012E+1
2.098934E+1
2.097082E+1
2.094986E+1
2.093420E+1
2.089735E+1
2.087618E+1
2.085603E+1
2.085136E+1
2.083202E+1
2.083732E+1
2.083181E+1
2.083854E+1
2.081451E+1
2.080433E+1
2.079985E+1
2.078562E+1
2.077299E+1
2.076077E+1
2.075406E+1
2.074917E+1
2.072026E+1
2.071376E+1
2.069910E+1
2.069237E+1
2.059017E+1
2.067792E+1
2.065513E+1
2.064209E+1
2.062662E+1
2.062254E+1
2.062051E+1
2.061868E+1
2.060953E+1
2.060402E+1
2.058571E+1
2.058164E+1
2.057064E+1
2.055496E+1
2.054823E+1
2.054049E+1
2.053745E+1
2.052951E+1
2.053745E+1
2.050325E+1
2.052870E+1
2.051262E+1
2.050263E+1
2.050610E+1
2.051221E+1
2.051037E+1
2.050122E+1
2.049122E+1
2.048187E+1
2.047962E+1
2.047047E+1
2.044950E+1
2.043483E+1
2.042342E+1
2.040104E+1
2.038963E+1
2.037803E+1
2.037293E+1
2.035787E+1
2.036336E+1
2.036173E+1
2.036804E+1
2.035787E+1
2.035787E+1
2.035847E+1
2.033872E+1
2.032080E+1
2.030248E+1
2.028333E+1
2.027295E+1
2.027192E+1
2.027703E+1
2.026521E+1
2.025258E+1
2.026929E+1
2.026439E+1
2.025442E+1
2.025665E+1
2.025014E+1
2.024586E+1
2.023812E+1
2.023568E+1
2.021756E+1
2.020392E+1
2.020269E+1
2.018191E+1
2.017050E+1
2.016501E+1
2.014933E+1
2.015096E+1
2.013833E+1
2.013589E+1
2.012591E+1
2.010167E+1
2.011877E+1
2.011714E+1
2.008640E+1
2.008537E+1
2.009535E+1
2.010798E+1
2.011287E+1
2.013080E+1
2.013344E+1
2.013528E+1
2.013447E+1
2.011755E+1
2.010738E+1
2.010819E+1
2.008842E+1
2.008089E+1
2.007641E+1
2.007499E+1
2.005339E+1
2.005564E+1
2.006073E+1
2.005625E+1
2.004850E+1
2.004668E+1
2.004769E+1
2.004342E+1
2.003954E+1
2.003263E+1
2.001918E+1
2.002529E+1
2.002040E+1
2.000777E+1
2.002122E+1
2.001144E+1
2.001388E+1
2.001002E+1
2.002345E+1
2.002611E+1
2.001348E+1
2.000410E+1
2.000777E+1
1.999840E+1
1.999106E+1
1.997619E+1
1.996682E+1
1.996397E+1
1.996641E+1
1.996560E+1
1.996499E+1
1.998048E+1
1.998415E+1
1.998557E+1
1.998597E+1
1.998374E+1
1.996478E+1
1.994442E+1
1.991304E+1
1.993404E+1
1.990042E+1
1.989513E+1
1.988086E+1
1.987007E+1
1.987801E+1
1.988433E+1
1.990918E+1
1.991263E+1
1.990613E+1
1.989350E+1
1.988738E+1
1.989350E+1
1.987312E+1
1.986823E+1
1.985866E+1
1.984235E+1
1.982830E+1
1.981118E+1
1.979123E+1
1.977962E+1
1.977003E+1
1.975149E+1
1.974375E+1
1.974415E+1
1.974130E+1
1.973763E+1
1.973276E+1
1.971461E+1
1.971482E+1
1.970890E+1
1.970952E+1
1.969873E+1
1.968101E+1
1.970118E+1
1.974130E+1
1.974885E+1
1.976943E+1
1.978490E+1
1.978166E+1
1.978206E+1
1.977533E+1
1.977003E+1
1.975475E+1
1.974518E+1
1.974293E+1
1.973662E+1
1.974559E+1
1.974252E+1
1.975271E+1
1.975048E+1
1.975984E+1
1.977003E+1
1.976820E+1
1.977147E+1
1.977655E+1
1.975883E+1
1.974844E+1
1.973948E+1
1.973804E+1
1.974212E+1
1.973358E+1
1.972542E+1
1.972480E+1
1.971605E+1
1.971115E+1
1.968283E+1
1.966204E+1
1.964575E+1
1.963311E+1
1.962721E+1
1.961865E+1
1.961457E+1
1.963841E+1
1.964249E+1
1.965594E+1
1.966815E+1
1.971624E+1
1.972521E+1
1.974905E+1
1.971075E+1
1.970077E+1
1.969607E+1
1.967509E+1
1.967386E+1
1.966489E+1
1.964942E+1
1.961865E+1
1.959256E+1
1.955651E+1
1.952960E+1
1.949741E+1
1.948966E+1
1.946867E+1
1.946296E+1
1.947783E+1
1.949904E+1
1.952470E+1
1.954936E+1
1.955080E+1
1.957198E+1
1.955487E+1
1.954651E+1
1.953631E+1
1.954754E+1
1.959114E+1
1.962558E+1
1.964228E+1
1.967937E+1
1.970504E+1
1.971890E+1
1.966878E+1
1.961151E+1
1.957565E+1
1.954101E+1
1.951962E+1
1.950962E+1
1.952736E+1
1.957361E+1
1.960765E+1
1.964228E+1
1.967530E+1
1.969648E+1
1.973031E+1
1.974314E+1
1.975394E+1
1.976432E+1
1.976718E+1
1.976554E+1
1.976780E+1
1.977147E+1
1.978531E+1
1.979612E+1
1.981362E+1
1.981403E+1
1.982259E+1
1.981322E+1
1.978185E+1
1.972664E+1
1.966470E+1
1.960337E+1
1.955569E+1
1.950880E+1
1.947661E+1
1.945217E+1
1.942302E+1
1.940019E+1
1.938023E+1
1.936514E+1
1.934638E+1
1.933885E+1
1.933477E+1
1.933314E+1
1.932723E+1
1.932661E+1
1.931378E+1
1.931601E+1
1.931397E+1
1.932764E+1
1.933333E+1
1.935516E+1
1.936228E+1
1.937370E+1
1.936655E+1
