0.01 	 0.999967 
0.02 	 0.999771 
0.03 	 0.999449 
0.04 	 0.999006 
0.05 	 0.998444 
0.06 	 0.997769 
0.07 	 0.996982 
0.08 	 0.996087 
0.09 	 0.995089 
0.1 	 0.993989 
0.11 	 0.992792 
0.12 	 0.9915 
0.13 	 0.990116 
0.14 	 0.988643 
0.15 	 0.987085 
0.16 	 0.985444 
0.17 	 0.983722 
0.18 	 0.981923 
0.19 	 0.980049 
0.2 	 0.978102 
0.21 	 0.976085 
0.22 	 0.974001 
0.23 	 0.971852 
0.24 	 0.96964 
0.25 	 0.967367 
0.26 	 0.965036 
0.27 	 0.962648 
0.28 	 0.960206 
0.29 	 0.957712 
0.3 	 0.955168 
0.31 	 0.952575 
0.32 	 0.949936 
0.33 	 0.947253 
0.34 	 0.944526 
0.35 	 0.941759 
0.36 	 0.938952 
0.37 	 0.936108 
0.38 	 0.933227 
0.39 	 0.930312 
0.4 	 0.927364 
0.41 	 0.924384 
0.42 	 0.921374 
0.43 	 0.918336 
0.44 	 0.91527 
0.45 	 0.912178 
0.46 	 0.909062 
0.47 	 0.905922 
0.48 	 0.90276 
0.49 	 0.899577 
0.5 	 0.896374 
0.51 	 0.893152 
0.52 	 0.889913 
0.53 	 0.886658 
0.54 	 0.883387 
0.55 	 0.880102 
0.56 	 0.876803 
0.57 	 0.873492 
0.58 	 0.870169 
0.59 	 0.866835 
0.6 	 0.863492 
0.61 	 0.86014 
0.62 	 0.85678 
0.63 	 0.853413 
0.64 	 0.850039 
0.65 	 0.846659 
0.66 	 0.843275 
0.67 	 0.839886 
0.68 	 0.836494 
0.69 	 0.833099 
0.7 	 0.829701 
0.71 	 0.826302 
0.72 	 0.822903 
0.73 	 0.819503 
0.74 	 0.816103 
0.75 	 0.812704 
0.76 	 0.809306 
0.77 	 0.80591 
0.78 	 0.802517 
0.79 	 0.799127 
0.8 	 0.79574 
0.81 	 0.792356 
0.82 	 0.788978 
0.83 	 0.785604 
0.84 	 0.782235 
0.85 	 0.778871 
0.86 	 0.775514 
0.87 	 0.772163 
0.88 	 0.768819 
0.89 	 0.765482 
0.9 	 0.762152 
0.91 	 0.75883 
0.92 	 0.755517 
0.93 	 0.752211 
0.94 	 0.748915 
0.95 	 0.745627 
0.96 	 0.742349 
0.97 	 0.73908 
0.98 	 0.735821 
0.99 	 0.732573 
1 	 0.729334 
1.01 	 0.726106 
1.02 	 0.722889 
1.03 	 0.719682 
1.04 	 0.716487 
1.05 	 0.713303 
1.06 	 0.710131 
1.07 	 0.706971 
1.08 	 0.703822 
1.09 	 0.700686 
1.1 	 0.697561 
1.11 	 0.694449 
1.12 	 0.69135 
1.13 	 0.688263 
1.14 	 0.685189 
1.15 	 0.682128 
1.16 	 0.67908 
1.17 	 0.676045 
1.18 	 0.673023 
1.19 	 0.670015 
1.2 	 0.66702 
1.21 	 0.664039 
1.22 	 0.661071 
1.23 	 0.658117 
1.24 	 0.655176 
1.25 	 0.65225 
1.26 	 0.649337 
1.27 	 0.646438 
1.28 	 0.643554 
1.29 	 0.640683 
1.3 	 0.637826 
1.31 	 0.634984 
1.32 	 0.632155 
1.33 	 0.629341 
1.34 	 0.626541 
1.35 	 0.623756 
1.36 	 0.620984 
1.37 	 0.618227 
1.38 	 0.615484 
1.39 	 0.612756 
1.4 	 0.610042 
1.41 	 0.607342 
1.42 	 0.604657 
1.43 	 0.601986 
1.44 	 0.599329 
1.45 	 0.596687 
1.46 	 0.594059 
1.47 	 0.591445 
1.48 	 0.588846 
1.49 	 0.586261 
1.5 	 0.58369 
1.51 	 0.581133 
1.52 	 0.578591 
1.53 	 0.576063 
1.54 	 0.573549 
1.55 	 0.57105 
1.56 	 0.568564 
1.57 	 0.566093 
1.58 	 0.563635 
1.59 	 0.561192 
1.6 	 0.558763 
1.61 	 0.556347 
1.62 	 0.553946 
1.63 	 0.551559 
1.64 	 0.549185 
1.65 	 0.546825 
1.66 	 0.544479 
1.67 	 0.542147 
1.68 	 0.539828 
1.69 	 0.537523 
1.7 	 0.535232 
1.71 	 0.532954 
1.72 	 0.530689 
1.73 	 0.528438 
1.74 	 0.526201 
1.75 	 0.523977 
1.76 	 0.521766 
1.77 	 0.519568 
1.78 	 0.517383 
1.79 	 0.515211 
1.8 	 0.513053 
1.81 	 0.510907 
1.82 	 0.508775 
1.83 	 0.506655 
1.84 	 0.504548 
1.85 	 0.502454 
1.86 	 0.500372 
1.87 	 0.498303 
1.88 	 0.496247 
1.89 	 0.494203 
1.9 	 0.492172 
1.91 	 0.490153 
1.92 	 0.488146 
1.93 	 0.486151 
1.94 	 0.484169 
1.95 	 0.482199 
1.96 	 0.480241 
1.97 	 0.478294 
1.98 	 0.47636 
1.99 	 0.474438 
2 	 0.472527 
2.01 	 0.470628 
2.02 	 0.468741 
2.03 	 0.466865 
2.04 	 0.465001 
2.05 	 0.463149 
2.06 	 0.461307 
2.07 	 0.459477 
2.08 	 0.457659 
2.09 	 0.455851 
2.1 	 0.454055 
2.11 	 0.452269 
2.12 	 0.450495 
2.13 	 0.448732 
2.14 	 0.446979 
2.15 	 0.445237 
2.16 	 0.443506 
2.17 	 0.441786 
2.18 	 0.440076 
2.19 	 0.438377 
2.2 	 0.436688 
2.21 	 0.43501 
2.22 	 0.433341 
2.23 	 0.431684 
2.24 	 0.430036 
2.25 	 0.428398 
2.26 	 0.426771 
2.27 	 0.425154 
2.28 	 0.423546 
2.29 	 0.421949 
2.3 	 0.420361 
2.31 	 0.418783 
2.32 	 0.417214 
2.33 	 0.415656 
2.34 	 0.414106 
2.35 	 0.412567 
2.36 	 0.411036 
2.37 	 0.409515 
2.38 	 0.408004 
2.39 	 0.406501 
2.4 	 0.405008 
2.41 	 0.403524 
2.42 	 0.402049 
2.43 	 0.400583 
2.44 	 0.399126 
2.45 	 0.397678 
2.46 	 0.396238 
2.47 	 0.394807 
2.48 	 0.393385 
2.49 	 0.391972 
2.5 	 0.390567 
2.51 	 0.389171 
2.52 	 0.387783 
2.53 	 0.386403 
2.54 	 0.385032 
2.55 	 0.383669 
2.56 	 0.382315 
2.57 	 0.380968 
2.58 	 0.37963 
2.59 	 0.3783 
2.6 	 0.376977 
2.61 	 0.375663 
2.62 	 0.374356 
2.63 	 0.373058 
2.64 	 0.371767 
2.65 	 0.370483 
2.66 	 0.369208 
2.67 	 0.36794 
2.68 	 0.36668 
2.69 	 0.365427 
2.7 	 0.364181 
2.71 	 0.362943 
2.72 	 0.361712 
2.73 	 0.360489 
2.74 	 0.359273 
2.75 	 0.358064 
2.76 	 0.356862 
2.77 	 0.355667 
2.78 	 0.354479 
2.79 	 0.353298 
2.8 	 0.352124 
2.81 	 0.350957 
2.82 	 0.349797 
2.83 	 0.348644 
2.84 	 0.347497 
2.85 	 0.346357 
2.86 	 0.345224 
2.87 	 0.344097 
2.88 	 0.342977 
2.89 	 0.341863 
2.9 	 0.340756 
2.91 	 0.339655 
2.92 	 0.338561 
2.93 	 0.337473 
2.94 	 0.336391 
2.95 	 0.335315 
2.96 	 0.334246 
2.97 	 0.333182 
2.98 	 0.332125 
2.99 	 0.331074 
3 	 0.330028 
3.01 	 0.328989 
3.02 	 0.327956 
3.03 	 0.326928 
3.04 	 0.325907 
3.05 	 0.324891 
3.06 	 0.323881 
3.07 	 0.322876 
3.08 	 0.321877 
3.09 	 0.320884 
3.1 	 0.319897 
3.11 	 0.318915 
3.12 	 0.317938 
3.13 	 0.316967 
3.14 	 0.316001 
3.15 	 0.315041 
3.16 	 0.314086 
3.17 	 0.313137 
3.18 	 0.312192 
3.19 	 0.311253 
3.2 	 0.310319 
3.21 	 0.309391 
3.22 	 0.308467 
3.23 	 0.307548 
3.24 	 0.306635 
3.25 	 0.305726 
3.26 	 0.304823 
3.27 	 0.303924 
3.28 	 0.303031 
3.29 	 0.302142 
3.3 	 0.301258 
3.31 	 0.300379 
3.32 	 0.299504 
3.33 	 0.298634 
3.34 	 0.297769 
3.35 	 0.296909 
3.36 	 0.296053 
3.37 	 0.295202 
3.38 	 0.294356 
3.39 	 0.293514 
3.4 	 0.292676 
3.41 	 0.291843 
3.42 	 0.291015 
3.43 	 0.290191 
3.44 	 0.289371 
3.45 	 0.288555 
3.46 	 0.287744 
3.47 	 0.286937 
3.48 	 0.286135 
3.49 	 0.285336 
3.5 	 0.284542 
3.51 	 0.283752 
3.52 	 0.282966 
3.53 	 0.282184 
3.54 	 0.281406 
3.55 	 0.280633 
3.56 	 0.279863 
3.57 	 0.279097 
3.58 	 0.278336 
3.59 	 0.277578 
3.6 	 0.276824 
3.61 	 0.276074 
3.62 	 0.275328 
3.63 	 0.274585 
3.64 	 0.273847 
3.65 	 0.273112 
3.66 	 0.272381 
3.67 	 0.271654 
3.68 	 0.27093 
3.69 	 0.27021 
3.7 	 0.269494 
3.71 	 0.268781 
3.72 	 0.268072 
3.73 	 0.267367 
3.74 	 0.266665 
3.75 	 0.265966 
3.76 	 0.265271 
3.77 	 0.26458 
3.78 	 0.263892 
3.79 	 0.263207 
3.8 	 0.262526 
3.81 	 0.261848 
3.82 	 0.261173 
3.83 	 0.260502 
3.84 	 0.259834 
3.85 	 0.25917 
3.86 	 0.258509 
3.87 	 0.25785 
3.88 	 0.257196 
3.89 	 0.256544 
3.9 	 0.255895 
3.91 	 0.25525 
3.92 	 0.254608 
3.93 	 0.253969 
3.94 	 0.253333 
3.95 	 0.2527 
3.96 	 0.25207 
3.97 	 0.251443 
3.98 	 0.250819 
3.99 	 0.250199 
4 	 0.249581 
4.01 	 0.248966 
4.02 	 0.248354 
4.03 	 0.247745 
4.04 	 0.247138 
4.05 	 0.246535 
4.06 	 0.245935 
4.07 	 0.245337 
4.08 	 0.244742 
4.09 	 0.24415 
4.1 	 0.243561 
4.11 	 0.242974 
4.12 	 0.242391 
4.13 	 0.241809 
4.14 	 0.241231 
4.15 	 0.240655 
4.16 	 0.240082 
4.17 	 0.239512 
4.18 	 0.238944 
4.19 	 0.238379 
4.2 	 0.237817 
4.21 	 0.237257 
4.22 	 0.2367 
4.23 	 0.236145 
4.24 	 0.235593 
4.25 	 0.235043 
4.26 	 0.234496 
4.27 	 0.233951 
4.28 	 0.233408 
4.29 	 0.232869 
4.3 	 0.232331 
4.31 	 0.231796 
4.32 	 0.231264 
4.33 	 0.230733 
4.34 	 0.230206 
4.35 	 0.22968 
4.36 	 0.229157 
4.37 	 0.228636 
4.38 	 0.228118 
4.39 	 0.227602 
4.4 	 0.227088 
4.41 	 0.226576 
4.42 	 0.226067 
4.43 	 0.22556 
4.44 	 0.225055 
4.45 	 0.224552 
4.46 	 0.224052 
4.47 	 0.223553 
4.48 	 0.223057 
4.49 	 0.222563 
4.5 	 0.222071 
4.51 	 0.221582 
4.52 	 0.221094 
4.53 	 0.220609 
4.54 	 0.220125 
4.55 	 0.219644 
4.56 	 0.219165 
4.57 	 0.218688 
4.58 	 0.218212 
4.59 	 0.217739 
4.6 	 0.217268 
4.61 	 0.216799 
4.62 	 0.216332 
4.63 	 0.215867 
4.64 	 0.215404 
4.65 	 0.214943 
4.66 	 0.214483 
4.67 	 0.214026 
4.68 	 0.213571 
4.69 	 0.213117 
4.7 	 0.212666 
4.71 	 0.212216 
4.72 	 0.211768 
4.73 	 0.211322 
4.74 	 0.210878 
4.75 	 0.210436 
4.76 	 0.209995 
4.77 	 0.209557 
4.78 	 0.20912 
4.79 	 0.208685 
4.8 	 0.208251 
4.81 	 0.20782 
4.82 	 0.20739 
4.83 	 0.206962 
4.84 	 0.206536 
4.85 	 0.206112 
4.86 	 0.205689 
4.87 	 0.205268 
4.88 	 0.204848 
4.89 	 0.204431 
4.9 	 0.204015 
4.91 	 0.203601 
4.92 	 0.203188 
4.93 	 0.202777 
4.94 	 0.202368 
4.95 	 0.20196 
4.96 	 0.201554 
4.97 	 0.201149 
4.98 	 0.200746 
4.99 	 0.200345 
5 	 0.199946 
5.01 	 0.199547 
5.02 	 0.199151 
5.03 	 0.198756 
5.04 	 0.198362 
5.05 	 0.197971 
5.06 	 0.19758 
5.07 	 0.197191 
5.08 	 0.196804 
5.09 	 0.196418 
5.1 	 0.196034 
5.11 	 0.195651 
5.12 	 0.19527 
5.13 	 0.19489 
5.14 	 0.194512 
5.15 	 0.194135 
5.16 	 0.193759 
5.17 	 0.193385 
5.18 	 0.193012 
5.19 	 0.192641 
5.2 	 0.192271 
5.21 	 0.191903 
5.22 	 0.191536 
5.23 	 0.19117 
5.24 	 0.190806 
5.25 	 0.190443 
5.26 	 0.190082 
5.27 	 0.189722 
5.28 	 0.189363 
5.29 	 0.189006 
5.3 	 0.18865 
5.31 	 0.188295 
5.32 	 0.187941 
5.33 	 0.187589 
5.34 	 0.187239 
5.35 	 0.186889 
5.36 	 0.186541 
5.37 	 0.186194 
5.38 	 0.185848 
5.39 	 0.185504 
5.4 	 0.185161 
5.41 	 0.184819 
5.42 	 0.184479 
5.43 	 0.184139 
5.44 	 0.183801 
5.45 	 0.183464 
5.46 	 0.183129 
5.47 	 0.182794 
5.48 	 0.182461 
5.49 	 0.182129 
5.5 	 0.181798 
5.51 	 0.181469 
5.52 	 0.18114 
5.53 	 0.180813 
5.54 	 0.180487 
5.55 	 0.180162 
5.56 	 0.179839 
5.57 	 0.179516 
5.58 	 0.179195 
5.59 	 0.178874 
5.6 	 0.178555 
5.61 	 0.178237 
5.62 	 0.17792 
5.63 	 0.177605 
5.64 	 0.17729 
5.65 	 0.176977 
5.66 	 0.176664 
5.67 	 0.176353 
5.68 	 0.176043 
5.69 	 0.175733 
5.7 	 0.175425 
5.71 	 0.175118 
5.72 	 0.174813 
5.73 	 0.174508 
5.74 	 0.174204 
5.75 	 0.173901 
5.76 	 0.173599 
5.77 	 0.173299 
5.78 	 0.172999 
5.79 	 0.172701 
5.8 	 0.172403 
5.81 	 0.172107 
5.82 	 0.171811 
5.83 	 0.171516 
5.84 	 0.171223 
5.85 	 0.17093 
5.86 	 0.170639 
5.87 	 0.170348 
5.88 	 0.170059 
5.89 	 0.16977 
5.9 	 0.169483 
5.91 	 0.169196 
5.92 	 0.16891 
5.93 	 0.168626 
5.94 	 0.168342 
5.95 	 0.168059 
5.96 	 0.167777 
5.97 	 0.167497 
5.98 	 0.167217 
5.99 	 0.166938 
6 	 0.16666 
6.01 	 0.166382 
6.02 	 0.166106 
6.03 	 0.165831 
6.04 	 0.165556 
6.05 	 0.165283 
6.06 	 0.16501 
6.07 	 0.164738 
6.08 	 0.164468 
6.09 	 0.164198 
6.1 	 0.163929 
6.11 	 0.16366 
6.12 	 0.163393 
6.13 	 0.163127 
6.14 	 0.162861 
6.15 	 0.162596 
6.16 	 0.162332 
6.17 	 0.162069 
6.18 	 0.161807 
6.19 	 0.161546 
6.2 	 0.161286 
6.21 	 0.161026 
6.22 	 0.160767 
6.23 	 0.160509 
6.24 	 0.160252 
6.25 	 0.159996 
6.26 	 0.15974 
6.27 	 0.159485 
6.28 	 0.159232 
6.29 	 0.158979 
6.3 	 0.158726 
6.31 	 0.158475 
6.32 	 0.158224 
6.33 	 0.157974 
6.34 	 0.157725 
6.35 	 0.157477 
6.36 	 0.157229 
6.37 	 0.156982 
6.38 	 0.156736 
6.39 	 0.156491 
6.4 	 0.156247 
6.41 	 0.156003 
6.42 	 0.15576 
6.43 	 0.155518 
6.44 	 0.155277 
6.45 	 0.155036 
6.46 	 0.154796 
6.47 	 0.154557 
6.48 	 0.154318 
6.49 	 0.154081 
6.5 	 0.153844 
6.51 	 0.153607 
6.52 	 0.153372 
6.53 	 0.153137 
6.54 	 0.152903 
6.55 	 0.152669 
6.56 	 0.152437 
6.57 	 0.152205 
6.58 	 0.151973 
6.59 	 0.151743 
6.6 	 0.151513 
6.61 	 0.151284 
6.62 	 0.151055 
6.63 	 0.150828 
6.64 	 0.1506 
6.65 	 0.150374 
6.66 	 0.150148 
6.67 	 0.149923 
6.68 	 0.149699 
6.69 	 0.149475 
6.7 	 0.149252 
6.71 	 0.14903 
6.72 	 0.148808 
6.73 	 0.148587 
6.74 	 0.148366 
6.75 	 0.148147 
6.76 	 0.147927 
6.77 	 0.147709 
6.78 	 0.147491 
6.79 	 0.147274 
6.8 	 0.147057 
6.81 	 0.146841 
6.82 	 0.146626 
6.83 	 0.146412 
6.84 	 0.146198 
6.85 	 0.145984 
6.86 	 0.145771 
6.87 	 0.145559 
6.88 	 0.145348 
6.89 	 0.145137 
6.9 	 0.144926 
6.91 	 0.144717 
6.92 	 0.144508 
6.93 	 0.144299 
6.94 	 0.144091 
6.95 	 0.143884 
6.96 	 0.143677 
6.97 	 0.143471 
6.98 	 0.143265 
6.99 	 0.143061 
7 	 0.142856 
7.01 	 0.142652 
7.02 	 0.142449 
7.03 	 0.142247 
7.04 	 0.142045 
7.05 	 0.141843 
7.06 	 0.141642 
7.07 	 0.141442 
7.08 	 0.141242 
7.09 	 0.141043 
7.1 	 0.140844 
7.11 	 0.140646 
7.12 	 0.140449 
7.13 	 0.140252 
7.14 	 0.140055 
7.15 	 0.139859 
7.16 	 0.139664 
7.17 	 0.139469 
7.18 	 0.139275 
7.19 	 0.139081 
7.2 	 0.138888 
7.21 	 0.138696 
7.22 	 0.138504 
7.23 	 0.138312 
7.24 	 0.138121 
7.25 	 0.13793 
7.26 	 0.13774 
7.27 	 0.137551 
7.28 	 0.137362 
7.29 	 0.137174 
7.3 	 0.136986 
7.31 	 0.136798 
7.32 	 0.136612 
7.33 	 0.136425 
7.34 	 0.136239 
7.35 	 0.136054 
7.36 	 0.135869 
7.37 	 0.135685 
7.38 	 0.135501 
7.39 	 0.135318 
7.4 	 0.135135 
7.41 	 0.134952 
7.42 	 0.13477 
7.43 	 0.134589 
7.44 	 0.134408 
7.45 	 0.134228 
7.46 	 0.134048 
7.47 	 0.133868 
7.48 	 0.133689 
7.49 	 0.133511 
7.5 	 0.133333 
7.51 	 0.133155 
7.52 	 0.132978 
7.53 	 0.132802 
7.54 	 0.132626 
7.55 	 0.13245 
7.56 	 0.132275 
7.57 	 0.1321 
7.58 	 0.131926 
7.59 	 0.131752 
7.6 	 0.131579 
7.61 	 0.131406 
7.62 	 0.131233 
7.63 	 0.131061 
7.64 	 0.13089 
7.65 	 0.130719 
7.66 	 0.130548 
7.67 	 0.130378 
7.68 	 0.130208 
7.69 	 0.130039 
7.7 	 0.12987 
7.71 	 0.129701 
7.72 	 0.129533 
7.73 	 0.129366 
7.74 	 0.129199 
7.75 	 0.129032 
7.76 	 0.128866 
7.77 	 0.1287 
7.78 	 0.128535 
7.79 	 0.12837 
7.8 	 0.128205 
7.81 	 0.128041 
7.82 	 0.127877 
7.83 	 0.127714 
7.84 	 0.127551 
7.85 	 0.127388 
7.86 	 0.127226 
7.87 	 0.127065 
7.88 	 0.126903 
7.89 	 0.126743 
7.9 	 0.126582 
7.91 	 0.126422 
7.92 	 0.126262 
7.93 	 0.126103 
7.94 	 0.125944 
7.95 	 0.125786 
7.96 	 0.125628 
7.97 	 0.12547 
7.98 	 0.125313 
7.99 	 0.125156 
8 	 0.125 
8.01 	 0.124844 
8.02 	 0.124688 
8.03 	 0.124533 
8.04 	 0.124378 
8.05 	 0.124223 
8.06 	 0.124069 
8.07 	 0.123916 
8.08 	 0.123762 
8.09 	 0.123609 
8.1 	 0.123457 
8.11 	 0.123304 
8.12 	 0.123153 
8.13 	 0.123001 
8.14 	 0.12285 
8.15 	 0.122699 
8.16 	 0.122549 
8.17 	 0.122399 
8.18 	 0.122249 
8.19 	 0.1221 
8.2 	 0.121951 
8.21 	 0.121803 
8.22 	 0.121654 
8.23 	 0.121507 
8.24 	 0.121359 
8.25 	 0.121212 
8.26 	 0.121065 
8.27 	 0.120919 
8.28 	 0.120773 
8.29 	 0.120627 
8.3 	 0.120482 
8.31 	 0.120337 
8.32 	 0.120192 
8.33 	 0.120048 
8.34 	 0.119904 
8.35 	 0.11976 
8.36 	 0.119617 
8.37 	 0.119474 
8.38 	 0.119332 
8.39 	 0.119189 
8.4 	 0.119048 
8.41 	 0.118906 
8.42 	 0.118765 
8.43 	 0.118624 
8.44 	 0.118483 
8.45 	 0.118343 
8.46 	 0.118203 
8.47 	 0.118064 
8.48 	 0.117924 
8.49 	 0.117786 
8.5 	 0.117647 
8.51 	 0.117509 
8.52 	 0.117371 
8.53 	 0.117233 
8.54 	 0.117096 
8.55 	 0.116959 
8.56 	 0.116822 
8.57 	 0.116686 
8.58 	 0.11655 
8.59 	 0.116414 
8.6 	 0.116279 
8.61 	 0.116144 
8.62 	 0.116009 
8.63 	 0.115875 
8.64 	 0.115741 
8.65 	 0.115607 
8.66 	 0.115473 
8.67 	 0.11534 
8.68 	 0.115207 
8.69 	 0.115075 
8.7 	 0.114943 
8.71 	 0.114811 
8.72 	 0.114679 
8.73 	 0.114548 
8.74 	 0.114416 
8.75 	 0.114286 
8.76 	 0.114155 
8.77 	 0.114025 
8.78 	 0.113895 
8.79 	 0.113766 
8.8 	 0.113636 
8.81 	 0.113507 
8.82 	 0.113379 
8.83 	 0.11325 
8.84 	 0.113122 
8.85 	 0.112994 
8.86 	 0.112867 
8.87 	 0.11274 
8.88 	 0.112613 
8.89 	 0.112486 
8.9 	 0.11236 
8.91 	 0.112233 
8.92 	 0.112108 
8.93 	 0.111982 
8.94 	 0.111857 
8.95 	 0.111732 
8.96 	 0.111607 
8.97 	 0.111483 
8.98 	 0.111359 
8.99 	 0.111235 
9 	 0.111111 
9.01 	 0.110988 
9.02 	 0.110865 
9.03 	 0.110742 
9.04 	 0.110619 
9.05 	 0.110497 
9.06 	 0.110375 
9.07 	 0.110254 
9.08 	 0.110132 
9.09 	 0.110011 
9.1 	 0.10989 
9.11 	 0.109769 
9.12 	 0.109649 
9.13 	 0.109529 
9.14 	 0.109409 
9.15 	 0.10929 
9.16 	 0.10917 
9.17 	 0.109051 
9.18 	 0.108932 
9.19 	 0.108814 
9.2 	 0.108696 
9.21 	 0.108578 
9.22 	 0.10846 
9.23 	 0.108342 
9.24 	 0.108225 
9.25 	 0.108108 
9.26 	 0.107991 
9.27 	 0.107875 
9.28 	 0.107759 
9.29 	 0.107643 
9.3 	 0.107527 
9.31 	 0.107411 
9.32 	 0.107296 
9.33 	 0.107181 
9.34 	 0.107066 
9.35 	 0.106952 
9.36 	 0.106838 
9.37 	 0.106724 
9.38 	 0.10661 
9.39 	 0.106496 
9.4 	 0.106383 
9.41 	 0.10627 
9.42 	 0.106157 
9.43 	 0.106045 
9.44 	 0.105932 
9.45 	 0.10582 
9.46 	 0.105708 
9.47 	 0.105597 
9.48 	 0.105485 
9.49 	 0.105374 
9.5 	 0.105263 
9.51 	 0.105152 
9.52 	 0.105042 
9.53 	 0.104932 
9.54 	 0.104822 
9.55 	 0.104712 
9.56 	 0.104603 
9.57 	 0.104493 
9.58 	 0.104384 
9.59 	 0.104275 
9.6 	 0.104167 
9.61 	 0.104058 
9.62 	 0.10395 
9.63 	 0.103842 
9.64 	 0.103734 
9.65 	 0.103627 
9.66 	 0.10352 
9.67 	 0.103413 
9.68 	 0.103306 
9.69 	 0.103199 
9.7 	 0.103093 
9.71 	 0.102987 
9.72 	 0.102881 
9.73 	 0.102775 
9.74 	 0.102669 
9.75 	 0.102564 
9.76 	 0.102459 
9.77 	 0.102354 
9.78 	 0.102249 
9.79 	 0.102145 
9.8 	 0.102041 
9.81 	 0.101937 
9.82 	 0.101833 
9.83 	 0.101729 
9.84 	 0.101626 
9.85 	 0.101523 
9.86 	 0.10142 
9.87 	 0.101317 
9.88 	 0.101215 
9.89 	 0.101112 
9.9 	 0.10101 
9.91 	 0.100908 
9.92 	 0.100806 
9.93 	 0.100705 
9.94 	 0.100604 
9.95 	 0.100503 
9.96 	 0.100402 
9.97 	 0.100301 
9.98 	 0.1002 
9.99 	 0.1001 
10 	 0.1 
