0.00 1
0.01 28
0.02 52
0.03 92
0.04 149
0.05 214
0.06 327
0.07 470
0.08 549
0.09 723
0.10 894
0.11 1032
0.12 1177
0.13 1435
0.14 1634
0.15 1829
0.16 2091
0.17 2431
0.18 2744
0.19 2927
0.20 3176
0.21 3564
0.22 3835
0.23 4153
0.24 4633
0.25 5013
0.26 5422
0.27 5830
0.28 6189
0.29 6720
0.30 7018
0.31 7604
0.32 8097
0.33 8525
0.34 9171
0.35 9657
0.36 10048
0.37 10584
0.38 11131
0.39 11998
0.40 12349
0.41 13249
0.42 13749
0.43 14171
0.44 15266
0.45 15662
0.46 16455
0.47 16958
0.48 18038
0.49 18419
0.50 19450
0.51 20227
0.52 20668
0.53 21474
0.54 22378
0.55 22790
0.56 24142
0.57 24764
0.58 25804
0.59 26683
0.60 27168
0.61 28261
0.62 29345
0.63 30340
0.64 31705
0.65 31815
0.66 33053
0.67 34050
0.68 35010
0.69 36017
0.70 37252
0.71 37973
0.72 38835
0.73 40141
0.74 41203
0.75 42421
0.76 43490
0.77 44336
0.78 45531
0.79 46963
0.80 47876
0.81 48948
0.82 50295
0.83 51661
0.84 52818
0.85 53830
0.86 55139
0.87 56354
0.88 57543
0.89 58820
0.90 60063
0.91 61095
0.92 62681
0.93 63795
0.94 64989
0.95 66768
0.96 68550
0.97 69222
0.98 70727
0.99 71917
1.00 73736
1.01 74511
1.02 76649
1.03 77374
1.04 79138
1.05 80534
1.06 81808
1.07 83598
1.08 85422
1.09 86742
1.10 87997
1.11 90264
1.12 91508
1.13 92684
1.14 93692
1.15 95995
1.16 97664
1.17 99570
1.18 100216
1.19 102432
1.20 104208
1.21 105266
1.22 107577
1.23 109151
1.24 109853
1.25 112078
1.26 113931
1.27 115544
1.28 117808
1.29 120081
1.30 121178
1.31 123255
1.32 125200
1.33 126127
1.34 128217
1.35 131047
1.36 131744
1.37 134387
1.38 134944
1.39 137525
1.40 139345
1.41 141466
1.42 143332
1.43 145233
1.44 147524
1.45 149320
1.46 150939
1.47 152138
1.48 153259
1.49 156384
1.50 157744
1.51 160139
1.52 162665
1.53 164636
1.54 166475
1.55 167860
1.56 170422
1.57 172404
1.58 174465
1.59 177286
1.60 179872
1.61 181277
1.62 183196
1.63 186162
1.64 187160
1.65 189516
1.66 192342
1.67 193467
1.68 196255
1.69 197295
1.70 201030
1.71 202898
1.72 205731
1.73 205882
1.74 209154
1.75 211148
1.76 213911
1.77 216383
1.78 218017
1.79 220266
1.80 222392
1.81 224584
1.82 227718
1.83 229785
1.84 231780
1.85 234407
1.86 236241
1.87 239506
1.88 241781
1.89 243622
1.90 246636
1.91 248623
1.92 250620
1.93 253740
1.94 256603
1.95 258379
1.96 260858
1.97 263703
1.98 264963
1.99 268318
2.00 270670
2.01 272551
2.02 275748
2.03 278276
2.04 280705
2.05 282545
2.06 285311
2.07 287280
2.08 291256
2.09 294070
2.10 294577
2.11 298383
2.12 301298
2.13 303802
2.14 306393
2.15 307892
2.16 311260
2.17 314422
2.18 317466
2.19 318794
2.20 323313
2.21 324391
2.22 327350
2.23 330144
2.24 332806
2.25 335079
2.26 337546
2.27 340854
2.28 344605
2.29 346065
2.30 348495
2.31 351978
2.32 354241
2.33 357873
2.34 359455
2.35 362381
2.36 366696
2.37 369392
2.38 371197
2.39 373660
2.40 377536
2.41 381016
2.42 382022
2.43 386959
2.44 388061
2.45 391660
2.46 395234
2.47 396772
2.48 400246
2.49 402855
2.50 406121
2.51 408923
2.52 411444
2.53 414744
2.54 416778
2.55 421201
2.56 423229
2.57 426177
2.58 427782
2.59 432962
2.60 434511
2.61 438601
2.62 441829
2.63 444538
2.64 447240
2.65 449912
2.66 454481
2.67 456498
2.68 459327
2.69 462730
2.70 465283
2.71 469007
2.72 472295
2.73 474877
2.74 477622
2.75 481759
2.76 483010
2.77 487896
2.78 489900
2.79 493730
2.80 494565
2.81 498560
2.82 502266
2.83 506240
2.84 507757
2.85 512487
2.86 515073
2.87 518493
2.88 521556
2.89 525446
2.90 528631
2.91 531059
2.92 534819
2.93 539104
2.94 540542
2.95 543847
2.96 548282
2.97 551687
2.98 554731
2.99 557896
3.00 559747
3.01 563895
3.02 567330
3.03 569990
3.04 574282
3.05 577039
3.06 581418
3.07 583963
3.08 586382
3.09 588899
3.10 592992
3.11 594788
3.12 599946
3.13 603183
3.14 606479
3.15 611257
3.16 614447
3.17 616888
3.18 621108
3.19 623177
3.20 625446
3.21 631024
3.22 632187
3.23 637231
3.24 640159
3.25 643471
3.26 645655
3.27 650510
3.28 655038
3.29 657282
3.30 661446
3.31 664146
3.32 666684
3.33 671738
3.34 674967
3.35 678672
3.36 681627
3.37 684373
3.38 687463
3.39 691883
3.40 694846
3.41 699793
3.42 703100
3.43 706327
3.44 708793
3.45 713955
3.46 715860
3.47 720164
3.48 725591
3.49 726230
3.50 728215
3.51 733413
3.52 736797
3.53 741683
3.54 745254
3.55 748164
3.56 752077
3.57 754854
3.58 760727
3.59 763137
3.60 766187
3.61 770300
3.62 775203
3.63 776546
3.64 779923
3.65 784984
3.66 788479
3.67 791314
3.68 795654
3.69 800498
3.70 801314
3.71 806918
3.72 811329
3.73 813478
3.74 819327
3.75 819846
3.76 823253
3.77 828914
3.78 831208
3.79 835727
3.80 841009
3.81 842511
3.82 847787
3.83 851159
3.84 854986
3.85 857661
3.86 861654
3.87 864459
3.88 869331
3.89 873349
3.90 876864
3.91 880928
3.92 884289
3.93 885875
3.94 892857
3.95 893624
3.96 899516
3.97 901343
3.98 907484
3.99 909064
4.00 914042
4.01 917004
4.02 922565
4.03 925751
4.04 928716
4.05 933978
4.06 938775
4.07 939740
4.08 944463
4.09 947791
4.10 950827
4.11 956577
4.12 961420
4.13 963402
4.14 968066
4.15 971747
4.16 975706
4.17 979868
4.18 979953
4.19 985462
4.20 989707
4.21 993562
4.22 998307
4.23 1002591
4.24 1005701
4.25 1009333
4.26 1013423
4.27 1017497
4.28 1021579
4.29 1024084
4.30 1030166
4.31 1033667
4.32 1036239
4.33 1040766
4.34 1043239
4.35 1046731
4.36 1051072
4.37 1055984
4.38 1061016
4.39 1065501
4.40 1065625
4.41 1073630
4.42 1074959
4.43 1080002
4.44 1084006
4.45 1086800
4.46 1090285
4.47 1096430
4.48 1098852
4.49 1103456
4.50 1106623
4.51 1109757
4.52 1114034
4.53 1119606
4.54 1123450
4.55 1130281
4.56 1130425
4.57 1133054
4.58 1140199
4.59 1141726
4.60 1145079
4.61 1149220
4.62 1154023
4.63 1159739
4.64 1162326
4.65 1165303
4.66 1169496
4.67 1174766
4.68 1180344
4.69 1181829
4.70 1185405
4.71 1190856
4.72 1194571
4.73 1197445
4.74 1202125
4.75 1205816
4.76 1209735
4.77 1214921
4.78 1217037
4.79 1222072
4.80 1227008
4.81 1229825
4.82 1232332
4.83 1238340
4.84 1241842
4.85 1245141
4.86 1251218
4.87 1254168
4.88 1257068
4.89 1262424
4.90 1266024
4.91 1269654
4.92 1274215
4.93 1275778
4.94 1280935
4.95 1286044
4.96 1290455
4.97 1293351
4.98 1298104
4.99 1303053
5.00 1304038
5.01 1309381
5.02 1312903
5.03 1318140
5.04 1322144
5.05 1327095
5.06 1330024
5.07 1334520
5.08 1339226
5.09 1344354
5.10 1347147
5.11 1350046
5.12 1355954
5.13 1358785
5.14 1363182
5.15 1367831
5.16 1371164
5.17 1374659
5.18 1377707
5.19 1382995
5.20 1387868
5.21 1391063
5.22 1396275
5.23 1401492
5.24 1405569
5.25 1407501
5.26 1414194
5.27 1417953
5.28 1420237
5.29 1423653
5.30 1428615
5.31 1433280
5.32 1435737
5.33 1440976
5.34 1443081
5.35 1448201
5.36 1451827
5.37 1457040
5.38 1460827
5.39 1464538
5.40 1466660
5.41 1476267
5.42 1478197
5.43 1481099
5.44 1485499
5.45 1489393
5.46 1492526
5.47 1499498
5.48 1501643
5.49 1506608
5.50 1510163
5.51 1514291
5.52 1519156
5.53 1520941
5.54 1527860
5.55 1532296
5.56 1532321
5.57 1537676
5.58 1542531
5.59 1546463
5.60 1549503
5.61 1556463
5.62 1558968
5.63 1562885
5.64 1568693
5.65 1572072
5.66 1577409
5.67 1578241
5.68 1584182
5.69 1587216
5.70 1591957
5.71 1597857
5.72 1598507
5.73 1606121
5.74 1610190
5.75 1614593
5.76 1617039
5.77 1623584
5.78 1623969
5.79 1629156
5.80 1632682
5.81 1640104
5.82 1639135
5.83 1645906
5.84 1650943
5.85 1653031
5.86 1659061
5.87 1663210
5.88 1664334
5.89 1671040
5.90 1675193
5.91 1678046
5.92 1683829
5.93 1685483
5.94 1692315
5.95 1694491
5.96 1698553
5.97 1701696
5.98 1707454
5.99 1712691
6.00 1715195
6.01 1720859
6.02 1724902
6.03 1727835
6.04 1733179
6.05 1737909
6.06 1740042
6.07 1742963
6.08 1746770
6.09 1750772
6.10 1754895
6.11 1761113
6.12 1764158
6.13 1767930
6.14 1771441
6.15 1776235
6.16 1779569
6.17 1782719
6.18 1788433
6.19 1792008
6.20 1797237
6.21 1802750
6.22 1804616
6.23 1810370
6.24 1814074
6.25 1817200
6.26 1821849
6.27 1824463
6.28 1830374
6.29 1834982
6.30 1837102
6.31 1843976
6.32 1844484
6.33 1850642
6.34 1854509
6.35 1857002
6.36 1859211
6.37 1864412
6.38 1870437
6.39 1872459
6.40 1879236
6.41 1884583
6.42 1886316
6.43 1890043
6.44 1895138
6.45 1899940
6.46 1902492
6.47 1907029
6.48 1909582
6.49 1913272
6.50 1919905
6.51 1922435
6.52 1925561
6.53 1930323
6.54 1936586
6.55 1936793
6.56 1941986
6.57 1948827
6.58 1950109
6.59 1955306
6.60 1959516
6.61 1964731
6.62 1965337
6.63 1970262
6.64 1976101
6.65 1981557
6.66 1980225
6.67 1986488
6.68 1989962
6.69 1997204
6.70 2000630
6.71 2004343
6.72 2004429
6.73 2014336
6.74 2016721
6.75 2017525
6.76 2025235
6.77 2025409
6.78 2031051
6.79 2034798
6.80 2038340
6.81 2044127
6.82 2048886
6.83 2052082
6.84 2056005
6.85 2061451
6.86 2064238
6.87 2065662
6.88 2071752
6.89 2074988
6.90 2080625
6.91 2084805
6.92 2085084
6.93 2088940
6.94 2095561
6.95 2098704
6.96 2103653
6.97 2108227
6.98 2114375
6.99 2114262
7.00 2118073
7.01 2124810
7.02 2128466
7.03 2130985
7.04 2138283
7.05 2138809
7.06 2140936
7.07 2147127
7.08 2149673
7.09 2153927
7.10 2159558
7.11 2165475
7.12 2166930
7.13 2172422
7.14 2173894
7.15 2178966
7.16 2183903
7.17 2186485
7.18 2191847
7.19 2192085
7.20 2197657
7.21 2203328
7.22 2205602
7.23 2209423
7.24 2213098
7.25 2217493
7.26 2219621
7.27 2225864
7.28 2229604
7.29 2235081
7.30 2237298
7.31 2242573
7.32 2244511
7.33 2248603
7.34 2252183
7.35 2254393
7.36 2259499
7.37 2264748
7.38 2267929
7.39 2273794
7.40 2276416
7.41 2282162
7.42 2281095
7.43 2288086
7.44 2291918
7.45 2295727
7.46 2300445
7.47 2302344
7.48 2306752
7.49 2310379
7.50 2314994
7.51 2318936
7.52 2320063
7.53 2327884
7.54 2328908
7.55 2335849
7.56 2333255
7.57 2340694
7.58 2343585
7.59 2345738
7.60 2352125
7.61 2357757
7.62 2360108
7.63 2363643
7.64 2369817
7.65 2368741
7.66 2376907
7.67 2378137
7.68 2383189
7.69 2389166
7.70 2392128
7.71 2394237
7.72 2399636
7.73 2399519
7.74 2405328
7.75 2408298
7.76 2413469
7.77 2412719
7.78 2421051
7.79 2424851
7.80 2429006
7.81 2428749
7.82 2433474
7.83 2439022
7.84 2442669
7.85 2446617
7.86 2449269
7.87 2451941
7.88 2454448
7.89 2461403
7.90 2464158
7.91 2468893
7.92 2471463
7.93 2477868
7.94 2481062
7.95 2482159
7.96 2486090
7.97 2488567
7.98 2492347
7.99 2497611
8.00 2498484
8.01 2502940
8.02 2510386
8.03 2514350
8.04 2514750
8.05 2518716
8.06 2523510
8.07 2523974
8.08 2529653
8.09 2530873
8.10 2537526
8.11 2541941
8.12 2544734
8.13 2546143
8.14 2551457
8.15 2556245
8.16 2558218
8.17 2563780
8.18 2565612
8.19 2569815
8.20 2575191
8.21 2575717
8.22 2579923
8.23 2583337
8.24 2586863
8.25 2588975
8.26 2594380
8.27 2595621
8.28 2601578
8.29 2605987
8.30 2608184
8.31 2610920
8.32 2618656
8.33 2615928
8.34 2620788
8.35 2626924
8.36 2631291
8.37 2631676
8.38 2635802
8.39 2636529
8.40 2641167
8.41 2648201
8.42 2651034
8.43 2655459
8.44 2655488
8.45 2661153
8.46 2665945
8.47 2666797
8.48 2673235
8.49 2676538
8.50 2679649
8.51 2681735
8.52 2683708
8.53 2689825
8.54 2693113
8.55 2695039
8.56 2699506
8.57 2702650
8.58 2706919
8.59 2708986
8.60 2712733
8.61 2713679
8.62 2717494
8.63 2722343
8.64 2724804
8.65 2730187
8.66 2734330
8.67 2737953
8.68 2739894
8.69 2740512
8.70 2745355
8.71 2753601
8.72 2751600
8.73 2755756
8.74 2761818
8.75 2764071
8.76 2768319
8.77 2769825
8.78 2772304
8.79 2775719
8.80 2782147
8.81 2781254
8.82 2787012
8.83 2787322
8.84 2791225
8.85 2792208
8.86 2801058
8.87 2802889
8.88 2806804
8.89 2808494
8.90 2813392
8.91 2816195
8.92 2817296
8.93 2821257
8.94 2825689
8.95 2829385
8.96 2833857
8.97 2835676
8.98 2837987
8.99 2843614
9.00 2846168
9.01 2847812
9.02 2852343
9.03 2852834
9.04 2859031
9.05 2861376
9.06 2863593
9.07 2869837
9.08 2868863
9.09 2874767
9.10 2878270
9.11 2880111
9.12 2884750
9.13 2887197
9.14 2889558
9.15 2889457
9.16 2895159
9.17 2896369
9.18 2899329
9.19 2902462
9.20 2908305
9.21 2912602
9.22 2913196
9.23 2913707
9.24 2921050
9.25 2923177
9.26 2927803
9.27 2927596
9.28 2935402
9.29 2935821
9.30 2940836
9.31 2941537
9.32 2945730
9.33 2946585
9.34 2953376
9.35 2955365
9.36 2953385
9.37 2957910
9.38 2962033
9.39 2964120
9.40 2971195
9.41 2970542
9.42 2973741
9.43 2974778
9.44 2981741
9.45 2981904
9.46 2988383
9.47 2988645
9.48 2991376
9.49 2997157
9.50 2996586
9.51 2998745
9.52 3004176
9.53 3003750
9.54 3009351
9.55 3013045
9.56 3016526
9.57 3018631
9.58 3019251
9.59 3025977
9.60 3023757
9.61 3026179
9.62 3034780
9.63 3038386
9.64 3038822
9.65 3042385
9.66 3044135
9.67 3044957
9.68 3049445
9.69 3054903
9.70 3056393
9.71 3056335
9.72 3061225
9.73 3062864
9.74 3066253
9.75 3069014
9.76 3073239
9.77 3073689
9.78 3076881
9.79 3081476
9.80 3085235
9.81 3082516
9.82 3086982
9.83 3090225
9.84 3094660
9.85 3094689
9.86 3101062
9.87 3101701
9.88 3105457
9.89 3105540
9.90 3110620
9.91 3116909
9.92 3115289
9.93 3119503
9.94 3124848
9.95 3121514
9.96 3126074
9.97 3129162
9.98 3131282
9.99 3133702
10.00 3139509
10.01 3139502
10.02 3144980
10.03 3146533
10.04 3147257
10.05 3152561
10.06 3152937
10.07 3157153
10.08 3158127
10.09 3163445
10.10 3161800
10.11 3163601
10.12 3167630
10.13 3171085
10.14 3173145
10.15 3176737
10.16 3177432
10.17 3182268
10.18 3186434
10.19 3187144
10.20 3191252
10.21 3191919
10.22 3193553
10.23 3197593
10.24 3200020
10.25 3200306
10.26 3207566
10.27 3207207
10.28 3206910
10.29 3211081
10.30 3215339
10.31 3217447
10.32 3218291
10.33 3220532
10.34 3225944
10.35 3224553
10.36 3227181
10.37 3233126
10.38 3235841
10.39 3239278
10.40 3237487
10.41 3241630
10.42 3243511
10.43 3245510
10.44 3248376
10.45 3247335
10.46 3252701
10.47 3254632
10.48 3254251
10.49 3259641
10.50 3261831
10.51 3261882
10.52 3268969
10.53 3268089
10.54 3269792
10.55 3276462
10.56 3276344
10.57 3275220
10.58 3280464
10.59 3284450
10.60 3283888
10.61 3286705
10.62 3290113
10.63 3287638
10.64 3296064
10.65 3296473
10.66 3301210
10.67 3297749
10.68 3301504
10.69 3303820
10.70 3306099
10.71 3309303
10.72 3312480
10.73 3311136
10.74 3313293
10.75 3320224
10.76 3323004
10.77 3323492
10.78 3322198
10.79 3324312
10.80 3327385
10.81 3330579
10.82 3333324
10.83 3335740
10.84 3337714
10.85 3340036
10.86 3340466
10.87 3345038
10.88 3345583
10.89 3351370
10.90 3352847
10.91 3353526
10.92 3348617
10.93 3355076
10.94 3357916
10.95 3359603
10.96 3363127
10.97 3361860
10.98 3369031
10.99 3371076
11.00 3372598
11.01 3368951
11.02 3376318
11.03 3377761
11.04 3377145
11.05 3382008
11.06 3380067
11.07 3386873
11.08 3386929
11.09 3389199
11.10 3391174
11.11 3393151
11.12 3397049
11.13 3394851
11.14 3395981
11.15 3395753
11.16 3402608
11.17 3404402
11.18 3407961
11.19 3406749
11.20 3408215
11.21 3410472
11.22 3415394
11.23 3414790
11.24 3416655
11.25 3415927
11.26 3420106
11.27 3422540
11.28 3421512
11.29 3425571
11.30 3425888
11.31 3426719
11.32 3432414
11.33 3431825
11.34 3434704
11.35 3434359
11.36 3436295
11.37 3437282
11.38 3439766
11.39 3447168
11.40 3443374
11.41 3445046
11.42 3447111
11.43 3449555
11.44 3452157
11.45 3454040
11.46 3455491
11.47 3453109
11.48 3455829
11.49 3459765
11.50 3461077
11.51 3464745
11.52 3467333
11.53 3464094
11.54 3467361
11.55 3467938
11.56 3471777
11.57 3473799
11.58 3474118
11.59 3475477
11.60 3479827
11.61 3477971
11.62 3480044
11.63 3483440
11.64 3480880
11.65 3486603
11.66 3489115
11.67 3490038
11.68 3489736
11.69 3492971
11.70 3494213
11.71 3493505
11.72 3491474
11.73 3494836
11.74 3498046
11.75 3500249
11.76 3505201
11.77 3507118
11.78 3502906
11.79 3506573
11.80 3506656
11.81 3507949
11.82 3512485
11.83 3511791
11.84 3511988
11.85 3513570
11.86 3512110
11.87 3514787
11.88 3514418
11.89 3522813
11.90 3523518
11.91 3523477
11.92 3524036
11.93 3522928
11.94 3523155
11.95 3526338
11.96 3525005
11.97 3528410
11.98 3530573
11.99 3529220
12.00 3531862
12.01 3534049
12.02 3537830
12.03 3537351
12.04 3536054
12.05 3537941
12.06 3538571
12.07 3541368
12.08 3545526
12.09 3548285
12.10 3547072
12.11 3546229
12.12 3548575
12.13 3547659
12.14 3546019
12.15 3550410
12.16 3550705
12.17 3556813
12.18 3552195
12.19 3553800
12.20 3559567
12.21 3557348
12.22 3560102
12.23 3560571
12.24 3562749
12.25 3560823
12.26 3561135
12.27 3560942
12.28 3564130
12.29 3561498
12.30 3569898
12.31 3567416
12.32 3569261
12.33 3570047
12.34 3569089
12.35 3569838
12.36 3571890
12.37 3576653
12.38 3573929
12.39 3574797
12.40 3577030
12.41 3578962
12.42 3576708
12.43 3577936
12.44 3580067
12.45 3579516
12.46 3582695
12.47 3581966
12.48 3583826
12.49 3584089
12.50 3585511
12.51 3586770
12.52 3586090
12.53 3587082
12.54 3589714
12.55 3588286
12.56 3587399
12.57 3593208
12.58 3590711
12.59 3593612
12.60 3595390
12.61 3594702
12.62 3593458
12.63 3599474
12.64 3601628
12.65 3595168
12.66 3600626
12.67 3595901
12.68 3599142
12.69 3595962
12.70 3600759
12.71 3603498
12.72 3600841
12.73 3602972
12.74 3595300
12.75 3602319
12.76 3608404
12.77 3607906
12.78 3604144
12.79 3607309
12.80 3603592
12.81 3606651
12.82 3606575
12.83 3609357
12.84 3609010
12.85 3607464
12.86 3605046
12.87 3610314
12.88 3611441
12.89 3612696
12.90 3610560
12.91 3611461
12.92 3614557
12.93 3611687
12.94 3614387
12.95 3616984
12.96 3617448
12.97 3612049
12.98 3616762
12.99 3612733
13.00 3616653
13.01 3617946
13.02 3620626
13.03 3618657
13.04 3615639
13.05 3621255
13.06 3621392
13.07 3618392
13.08 3616741
13.09 3619822
13.10 3622939
13.11 3619637
13.12 3619215
13.13 3623729
13.14 3621770
13.15 3622918
13.16 3623183
13.17 3625005
13.18 3619841
13.19 3624023
13.20 3621472
13.21 3624384
13.22 3625492
13.23 3622466
13.24 3623591
13.25 3625872
13.26 3623791
13.27 3625682
13.28 3625470
13.29 3625430
13.30 3623847
13.31 3627165
13.32 3626951
13.33 3625170
13.34 3623924
13.35 3627652
13.36 3622237
13.37 3624053
13.38 3626919
13.39 3624436
13.40 3625598
13.41 3628232
13.42 3625117
13.43 3630611
13.44 3625101
13.45 3626361
13.46 3629629
13.47 3626840
13.48 3626270
13.49 3629877
13.50 3626436
13.51 3626430
13.52 3625974
13.53 3626628
13.54 3631728
13.55 3629815
13.56 3624705
13.57 3627790
13.58 3627433
13.59 3628485
13.60 3626487
13.61 3623471
13.62 3623836
13.63 3624017
13.64 3626368
13.65 3624093
13.66 3627396
13.67 3626895
13.68 3626148
13.69 3624139
13.70 3628379
13.71 3623055
13.72 3621967
13.73 3626390
13.74 3625741
13.75 3623509
13.76 3622272
13.77 3629130
13.78 3622143
13.79 3625006
13.80 3626730
13.81 3624255
13.82 3626277
13.83 3623207
13.84 3619563
13.85 3622294
13.86 3621496
13.87 3621204
13.88 3621138
13.89 3621231
13.90 3617895
13.91 3618197
13.92 3617149
13.93 3620711
13.94 3619812
13.95 3618459
13.96 3617399
13.97 3615555
13.98 3615507
13.99 3614110
14.00 3615708
14.01 3614374
14.02 3612543
14.03 3617074
14.04 3611695
14.05 3617006
14.06 3612954
14.07 3612634
14.08 3613217
14.09 3608646
14.10 3612264
14.11 3613619
14.12 3609238
14.13 3609946
14.14 3607121
14.15 3612088
14.16 3607480
14.17 3603979
14.18 3608113
14.19 3607725
14.20 3605435
14.21 3601571
14.22 3606610
14.23 3603906
14.24 3600055
14.25 3602958
14.26 3599217
14.27 3601881
14.28 3599252
14.29 3600349
14.30 3597081
14.31 3597022
14.32 3598884
14.33 3596062
14.34 3597930
14.35 3594668
14.36 3591640
14.37 3594014
14.38 3595005
14.39 3589305
14.40 3589250
14.41 3588993
14.42 3589083
14.43 3589211
14.44 3589094
14.45 3588846
14.46 3584883
14.47 3586953
14.48 3582407
14.49 3589378
14.50 3584196
14.51 3580993
14.52 3580940
14.53 3581492
14.54 3582060
14.55 3579691
14.56 3578508
14.57 3574154
14.58 3573033
14.59 3573285
14.60 3575676
14.61 3576556
14.62 3574336
14.63 3570706
14.64 3568765
14.65 3568701
14.66 3564565
14.67 3567959
14.68 3567415
14.69 3565773
14.70 3567463
14.71 3561449
14.72 3564344
14.73 3563936
14.74 3559287
14.75 3559113
14.76 3557209
14.77 3560348
14.78 3555430
14.79 3554775
14.80 3554543
14.81 3549693
14.82 3551829
14.83 3548359
14.84 3547527
14.85 3549352
14.86 3545138
14.87 3546148
14.88 3544696
14.89 3543452
14.90 3539257
14.91 3540755
14.92 3540918
14.93 3539241
14.94 3532697
14.95 3537572
14.96 3531384
14.97 3530227
14.98 3532745
14.99 3530300
15.00 3525604
15.01 3522655
15.02 3524373
15.03 3523114
15.04 3522908
15.05 3519412
15.06 3518410
15.07 3521221
15.08 3520105
15.09 3516973
15.10 3517770
15.11 3514975
15.12 3513061
15.13 3513596
15.14 3509572
15.15 3507635
15.16 3506767
15.17 3508802
15.18 3500677
15.19 3501661
15.20 3500242
15.21 3499000
15.22 3497586
15.23 3495319
15.24 3493110
15.25 3492223
15.26 3488002
15.27 3487027
15.28 3487799
15.29 3486445
15.30 3486220
15.31 3483667
15.32 3482968
15.33 3481133
15.34 3479587
15.35 3480646
15.36 3475537
15.37 3474627
15.38 3472484
15.39 3468650
15.40 3467850
15.41 3465499
15.42 3462635
15.43 3465475
15.44 3462966
15.45 3460000
15.46 3460939
15.47 3457241
15.48 3455052
15.49 3453725
15.50 3451007
15.51 3450004
15.52 3446579
15.53 3445339
15.54 3444338
15.55 3443631
15.56 3438224
15.57 3437579
15.58 3435172
15.59 3438554
15.60 3431881
15.61 3433168
15.62 3431745
15.63 3425973
15.64 3426789
15.65 3423994
15.66 3418109
15.67 3420144
15.68 3416558
15.69 3415131
15.70 3414357
15.71 3411853
15.72 3411531
15.73 3411759
15.74 3403695
15.75 3407418
15.76 3401284
15.77 3402928
15.78 3396374
15.79 3398128
15.80 3396856
15.81 3395807
15.82 3392788
15.83 3391320
15.84 3385281
15.85 3383034
15.86 3382094
15.87 3381713
15.88 3377798
15.89 3373639
15.90 3375725
15.91 3371176
15.92 3368099
15.93 3365456
15.94 3365276
15.95 3362997
15.96 3360181
15.97 3356999
15.98 3357062
15.99 3352781
16.00 3353794
16.01 3347942
16.02 3349241
16.03 3346353
16.04 3345818
16.05 3343353
16.06 3337352
16.07 3336662
16.08 3332905
16.09 3332482
16.10 3332921
16.11 3326453
16.12 3323144
16.13 3325551
16.14 3321737
16.15 3318857
16.16 3316010
16.17 3313292
16.18 3313527
16.19 3307849
16.20 3307043
16.21 3306547
16.22 3301437
16.23 3297158
16.24 3296199
16.25 3295833
16.26 3291978
16.27 3288056
16.28 3286996
16.29 3284627
16.30 3282411
16.31 3278098
16.32 3277687
16.33 3276355
16.34 3274038
16.35 3271337
16.36 3272055
16.37 3265232
16.38 3261462
16.39 3258339
16.40 3257610
16.41 3256927
16.42 3252317
16.43 3251203
16.44 3246034
16.45 3244854
16.46 3243857
16.47 3239025
16.48 3238797
16.49 3232054
16.50 3231385
16.51 3225044
16.52 3230132
16.53 3219255
16.54 3220283
16.55 3215913
16.56 3215844
16.57 3211122
16.58 3209173
16.59 3207489
16.60 3205700
16.61 3205115
16.62 3199563
16.63 3196917
16.64 3194349
16.65 3193488
16.66 3190961
16.67 3185684
16.68 3181354
16.69 3179160
16.70 3175740
16.71 3171855
16.72 3172117
16.73 3171193
16.74 3163291
16.75 3162651
16.76 3160510
16.77 3158090
16.78 3153242
16.79 3149031
16.80 3145486
16.81 3145533
16.82 3140607
16.83 3139368
16.84 3139225
16.85 3132688
16.86 3130751
16.87 3125156
16.88 3125456
16.89 3126550
16.90 3121952
16.91 3114238
16.92 3112796
16.93 3107783
16.94 3105966
16.95 3103745
16.96 3101429
16.97 3095288
16.98 3092151
16.99 3091209
17.00 3090330
17.01 3087235
17.02 3081418
17.03 3075925
17.04 3073955
17.05 3072439
17.06 3065823
17.07 3066382
17.08 3063878
17.09 3062484
17.10 3058884
17.11 3052634
17.12 3051817
17.13 3048362
17.14 3047088
17.15 3041254
17.16 3040168
17.17 3035025
17.18 3029790
17.19 3029510
17.20 3023999
17.21 3024161
17.22 3020196
17.23 3013798
17.24 3013957
17.25 3004298
17.26 3007671
17.27 3003254
17.28 2997239
17.29 2998658
17.30 2990622
17.31 2989107
17.32 2987442
17.33 2982802
17.34 2979680
17.35 2975227
17.36 2974444
17.37 2967809
17.38 2965315
17.39 2962865
17.40 2958908
17.41 2953831
17.42 2954767
17.43 2945025
17.44 2944581
17.45 2944583
17.46 2939139
17.47 2933181
17.48 2930879
17.49 2925337
17.50 2923796
17.51 2920058
17.52 2918578
17.53 2912109
17.54 2912615
17.55 2906908
17.56 2903980
17.57 2897779
17.58 2897153
17.59 2890428
17.60 2888384
17.61 2882113
17.62 2882003
17.63 2873109
17.64 2873510
17.65 2866196
17.66 2866152
17.67 2862787
17.68 2859584
17.69 2856768
17.70 2853091
17.71 2846379
17.72 2843552
17.73 2838545
17.74 2835246
17.75 2831075
17.76 2830309
17.77 2825527
17.78 2823550
17.79 2817056
17.80 2815984
17.81 2808165
17.82 2807020
17.83 2800551
17.84 2801708
17.85 2796556
17.86 2787343
17.87 2788112
17.88 2781473
17.89 2776677
17.90 2779839
17.91 2770658
17.92 2767073
17.93 2761364
17.94 2760462
17.95 2755225
17.96 2749898
17.97 2749158
17.98 2742688
17.99 2743053
18.00 2735674
18.01 2731367
18.02 2727465
18.03 2724799
18.04 2722411
18.05 2714100
18.06 2713733
18.07 2708904
18.08 2701585
18.09 2700862
18.10 2699527
18.11 2692656
18.12 2689961
18.13 2682455
18.14 2680300
18.15 2677235
18.16 2671792
18.17 2672066
18.18 2664645
18.19 2659982
18.20 2655141
18.21 2651124
18.22 2649049
18.23 2645422
18.24 2641355
18.25 2634488
18.26 2631490
18.27 2627004
18.28 2627178
18.29 2617417
18.30 2614393
18.31 2610711
18.32 2608377
18.33 2600270
18.34 2595985
18.35 2592720
18.36 2584729
18.37 2585310
18.38 2583081
18.39 2573881
18.40 2573880
18.41 2566258
18.42 2562565
18.43 2562009
18.44 2555948
18.45 2552905
18.46 2547394
18.47 2542503
18.48 2535165
18.49 2532106
18.50 2527762
18.51 2527772
18.52 2519018
18.53 2512949
18.54 2511964
18.55 2505544
18.56 2501240
18.57 2497594
18.58 2493623
18.59 2485513
18.60 2487377
18.61 2482941
18.62 2473695
18.63 2473976
18.64 2468063
18.65 2461486
18.66 2457764
18.67 2454243
18.68 2448684
18.69 2443187
18.70 2440002
18.71 2436765
18.72 2428462
18.73 2425996
18.74 2421661
18.75 2419472
18.76 2414728
18.77 2406441
18.78 2404190
18.79 2396720
18.80 2395732
18.81 2387896
18.82 2386310
18.83 2380392
18.84 2377752
18.85 2371762
18.86 2362843
18.87 2363874
18.88 2359711
18.89 2353448
18.90 2347316
18.91 2342580
18.92 2340650
18.93 2334584
18.94 2330551
18.95 2324710
18.96 2318640
18.97 2312350
18.98 2313616
18.99 2304306
19.00 2299560
19.01 2296836
19.02 2295671
19.03 2285982
19.04 2281435
19.05 2279868
19.06 2273803
19.07 2268009
19.08 2260293
19.09 2256592
19.10 2249494
19.11 2248935
19.12 2243219
19.13 2240125
19.14 2232703
19.15 2228453
19.16 2225531
19.17 2221351
19.18 2216513
19.19 2210883
19.20 2206030
19.21 2200098
19.22 2195295
19.23 2189152
19.24 2184040
19.25 2179096
19.26 2177763
19.27 2169200
19.28 2165056
19.29 2158231
19.30 2156187
19.31 2150618
19.32 2147303
19.33 2138494
19.34 2133167
19.35 2129960
19.36 2124369
19.37 2119449
19.38 2113242
19.39 2110437
19.40 2102633
19.41 2098727
19.42 2095214
19.43 2087481
19.44 2084965
19.45 2080153
19.46 2074842
19.47 2069722
19.48 2062983
19.49 2059163
19.50 2053067
19.51 2046408
19.52 2042679
19.53 2037695
19.54 2032628
19.55 2026177
19.56 2018630
19.57 2018338
19.58 2012920
19.59 2005675
19.60 2001412
19.61 1996476
19.62 1989938
19.63 1986404
19.64 1982605
19.65 1974636
19.66 1970993
19.67 1963374
19.68 1958535
19.69 1955463
19.70 1948633
19.71 1943786
19.72 1935161
19.73 1933537
19.74 1930042
19.75 1922360
19.76 1917149
19.77 1912023
19.78 1902773
19.79 1899041
19.80 1897217
19.81 1891018
19.82 1885264
19.83 1877960
19.84 1875116
19.85 1867733
19.86 1863235
19.87 1859617
19.88 1851528
19.89 1847269
19.90 1840023
19.91 1836629
19.92 1827026
19.93 1827255
19.94 1821306
19.95 1814105
19.96 1807803
19.97 1802704
19.98 1795947
19.99 1792647
20.00 1784741
20.01 1782033
20.02 1774569
20.03 1768197
20.04 1767418
20.05 1758895
20.06 1753927
20.07 1749894
20.08 1741422
20.09 1736436
20.10 1732545
20.11 1727856
20.12 1721158
20.13 1716646
20.14 1709605
20.15 1703709
20.16 1699157
20.17 1693454
20.18 1689847
20.19 1684759
20.20 1679020
20.21 1672154
20.22 1666622
20.23 1663514
20.24 1659724
20.25 1653589
20.26 1646565
20.27 1642520
20.28 1637869
20.29 1633986
20.30 1627078
20.31 1621551
20.32 1615652
20.33 1612836
20.34 1606004
20.35 1601822
20.36 1594782
20.37 1592469
20.38 1584281
20.39 1581193
20.40 1575433
20.41 1569556
20.42 1565260
20.43 1559595
20.44 1556623
20.45 1553754
20.46 1547399
20.47 1541917
20.48 1536995
20.49 1531943
20.50 1528035
20.51 1519730
20.52 1518170
20.53 1512456
20.54 1506497
20.55 1501141
20.56 1495168
20.57 1495318
20.58 1486762
20.59 1483829
20.60 1479018
20.61 1473046
20.62 1468220
20.63 1466108
20.64 1460135
20.65 1452535
20.66 1449512
20.67 1442018
20.68 1441923
20.69 1435723
20.70 1432221
20.71 1424249
20.72 1425600
20.73 1417207
20.74 1414445
20.75 1407561
20.76 1402802
20.77 1400154
20.78 1393903
20.79 1387850
20.80 1387069
20.81 1379808
20.82 1371977
20.83 1371583
20.84 1367056
20.85 1363350
20.86 1357771
20.87 1352014
20.88 1350135
20.89 1344205
20.90 1340108
20.91 1334860
20.92 1329248
20.93 1327447
20.94 1322788
20.95 1317849
20.96 1310074
20.97 1309030
20.98 1304502
20.99 1299596
21.00 1297343
21.01 1289662
21.02 1288269
21.03 1283495
21.04 1276917
21.05 1274671
21.06 1270452
21.07 1263056
21.08 1260918
21.09 1258222
21.10 1253966
21.11 1249830
21.12 1243817
21.13 1241487
21.14 1236216
21.15 1230255
21.16 1228516
21.17 1223591
21.18 1218633
21.19 1215664
21.20 1209792
21.21 1207820
21.22 1200494
21.23 1197390
21.24 1193739
21.25 1189317
21.26 1186996
21.27 1182503
21.28 1177862
21.29 1174085
21.30 1167699
21.31 1166887
21.32 1161269
21.33 1157405
21.34 1151839
21.35 1151004
21.36 1142911
21.37 1141133
21.38 1137478
21.39 1132069
21.40 1129140
21.41 1126668
21.42 1122640
21.43 1118390
21.44 1114840
21.45 1109329
21.46 1106382
21.47 1101389
21.48 1096506
21.49 1094273
21.50 1090162
21.51 1085809
21.52 1082844
21.53 1078736
21.54 1072635
21.55 1070710
21.56 1066592
21.57 1062810
21.58 1058077
21.59 1055327
21.60 1050548
21.61 1047474
21.62 1043773
21.63 1040402
21.64 1037262
21.65 1032946
21.66 1029348
21.67 1024572
21.68 1020558
21.69 1017597
21.70 1013632
21.71 1011677
21.72 1006637
21.73 1004816
21.74 1001080
21.75 996273
21.76 992090
21.77 988992
21.78 985529
21.79 983755
21.80 978745
21.81 973631
21.82 970329
21.83 969011
21.84 962985
21.85 960883
21.86 956007
21.87 952170
21.88 949404
21.89 946894
21.90 942506
21.91 939425
21.92 935236
21.93 932250
21.94 928013
21.95 923706
21.96 922333
21.97 917676
21.98 913235
21.99 909927
22.00 908260
22.01 904725
22.02 901833
22.03 898414
22.04 893166
22.05 889748
22.06 887907
22.07 883881
22.08 881260
22.09 877042
22.10 873843
22.11 871406
22.12 867158
22.13 863092
22.14 862296
22.15 857501
22.16 855133
22.17 851483
22.18 847937
22.19 844217
22.20 838988
22.21 836826
22.22 833620
22.23 833014
22.24 826757
22.25 824456
22.26 820000
22.27 817540
22.28 816170
22.29 811984
22.30 807511
22.31 808119
22.32 801579
22.33 799739
22.34 795515
22.35 793519
22.36 788110
22.37 786227
22.38 783664
22.39 779165
22.40 777150
22.41 773065
22.42 771727
22.43 768833
22.44 765972
22.45 762338
22.46 759675
22.47 755456
22.48 753148
22.49 750389
22.50 747157
22.51 743289
22.52 740706
22.53 739403
22.54 736151
22.55 732064
22.56 728497
22.57 725925
22.58 722531
22.59 720709
22.60 717101
22.61 714652
22.62 710109
22.63 708399
22.64 705886
22.65 702900
22.66 700374
22.67 697859
22.68 693717
22.69 691860
22.70 689541
22.71 686782
22.72 682868
22.73 681508
22.74 676633
22.75 674367
22.76 670936
22.77 668929
22.78 665331
22.79 664987
22.80 660834
22.81 658465
22.82 654378
22.83 651203
22.84 650327
22.85 647139
22.86 641997
22.87 642075
22.88 639053
22.89 635683
22.90 632624
22.91 630094
22.92 625551
22.93 622988
22.94 622378
22.95 620171
22.96 616752
22.97 614853
22.98 611776
22.99 609986
23.00 606958
23.01 605276
23.02 602475
23.03 598731
23.04 596076
23.05 592696
23.06 589865
23.07 586177
23.08 585178
23.09 582969
23.10 579906
23.11 579135
23.12 575569
23.13 573879
23.14 570978
23.15 568225
23.16 565390
23.17 562915
23.18 561357
23.19 558089
23.20 555687
23.21 553873
23.22 550960
23.23 548601
23.24 546170
23.25 544760
23.26 541632
23.27 538990
23.28 536457
23.29 534607
23.30 531340
23.31 529495
23.32 525771
23.33 523771
23.34 521748
23.35 519322
23.36 518287
23.37 514908
23.38 513223
23.39 510480
23.40 508505
23.41 505431
23.42 503164
23.43 500657
23.44 498282
23.45 496699
23.46 494244
23.47 493122
23.48 490101
23.49 487774
23.50 483758
23.51 481928
23.52 481401
23.53 479429
23.54 476723
23.55 474181
23.56 472310
23.57 468763
23.58 467973
23.59 465414
23.60 463259
23.61 462023
23.62 459056
23.63 456229
23.64 455325
23.65 451825
23.66 451080
23.67 448766
23.68 446580
23.69 443563
23.70 441951
23.71 437748
23.72 437298
23.73 435279
23.74 434092
23.75 431706
23.76 429794
23.77 426246
23.78 424957
23.79 423231
23.80 420424
23.81 418973
23.82 417253
23.83 415253
23.84 412971
23.85 410991
23.86 408739
23.87 407137
23.88 404862
23.89 402161
23.90 400185
23.91 398004
23.92 396552
23.93 395578
23.94 394145
23.95 392118
23.96 390414
23.97 386531
23.98 385318
23.99 383439
24.00 381328
24.01 379817
24.02 377593
24.03 377290
24.04 374796
24.05 371181
24.06 369856
24.07 368624
24.08 366426
24.09 364523
24.10 363652
24.11 360581
24.12 358400
24.13 357593
24.14 355522
24.15 354583
24.16 352501
24.17 349933
24.18 348643
24.19 347030
24.20 344868
24.21 342739
24.22 341720
24.23 339860
24.24 337678
24.25 335835
24.26 335740
24.27 332715
24.28 330293
24.29 329361
24.30 327349
24.31 325858
24.32 323902
24.33 322606
24.34 320397
24.35 318859
24.36 317648
24.37 315378
24.38 313758
24.39 312795
24.40 310516
24.41 309702
24.42 307084
24.43 305531
24.44 303489
24.45 303018
24.46 300521
24.47 298480
24.48 297328
24.49 296633
24.50 295037
24.51 293624
24.52 291435
24.53 290786
24.54 288061
24.55 286529
24.56 285787
24.57 282809
24.58 282100
24.59 280132
24.60 278638
24.61 278032
24.62 276320
24.63 274481
24.64 271724
24.65 271669
24.66 269651
24.67 269110
24.68 266703
24.69 265926
24.70 263677
24.71 262992
24.72 260937
24.73 259555
24.74 258110
24.75 256836
24.76 255462
24.77 253801
24.78 252020
24.79 251004
24.80 249137
24.81 248032
24.82 246978
24.83 245630
24.84 244012
24.85 242901
24.86 241091
24.87 239885
24.88 238221
24.89 237194
24.90 235406
24.91 235004
24.92 232231
24.93 231816
24.94 230889
24.95 228852
24.96 228236
24.97 227191
24.98 224755
24.99 223162
25.00 222663
25.01 221333
25.02 219986
25.03 218729
25.04 216647
25.05 216298
25.06 214535
25.07 212645
25.08 211564
25.09 211217
25.10 210468
25.11 208176
25.12 207421
25.13 205119
25.14 206353
25.15 203254
25.16 202478
25.17 200529
25.18 199931
25.19 199471
25.20 197472
25.21 195870
25.22 195781
25.23 194197
25.24 193186
25.25 191433
25.26 191532
25.27 190000
25.28 188319
25.29 186916
25.30 185133
25.31 185129
25.32 183640
25.33 182336
25.34 180888
25.35 179849
25.36 179199
25.37 177228
25.38 176986
25.39 175686
25.40 175207
25.41 173361
25.42 171887
25.43 170753
25.44 170321
25.45 170100
25.46 168659
25.47 167668
25.48 166289
25.49 165942
25.50 164207
25.51 162643
25.52 162446
25.53 161490
25.54 160492
25.55 158721
25.56 158104
25.57 157197
25.58 156213
25.59 154885
25.60 154146
25.61 153414
25.62 152185
25.63 151104
25.64 150279
25.65 148793
25.66 148377
25.67 147309
25.68 146041
25.69 145201
25.70 144566
25.71 143649
25.72 142390
25.73 141842
25.74 140438
25.75 139741
25.76 138704
25.77 138021
25.78 136888
25.79 136232
25.80 134676
25.81 134405
25.82 133323
25.83 132639
25.84 131118
25.85 130045
25.86 129425
25.87 129256
25.88 128301
25.89 127546
25.90 126503
25.91 125311
25.92 124479
25.93 124098
25.94 122914
25.95 122394
25.96 121239
25.97 121069
25.98 120318
25.99 119200
26.00 118670
26.01 117376
26.02 116108
26.03 115753
26.04 114031
26.05 114349
26.06 112754
26.07 112468
26.08 111496
26.09 110728
26.10 110355
26.11 109878
26.12 108687
26.13 107900
26.14 107053
26.15 106378
26.16 105202
26.17 104418
26.18 104044
26.19 103462
26.20 102643
26.21 102090
26.22 101718
26.23 100674
26.24 99802
26.25 98955
26.26 98133
26.27 97973
26.28 96490
26.29 95967
26.30 95325
26.31 94939
26.32 94343
26.33 92903
26.34 93033
26.35 92050
26.36 91765
26.37 90399
26.38 90288
26.39 90365
26.40 89199
26.41 88016
26.42 87550
26.43 86973
26.44 86515
26.45 85531
26.46 84519
26.47 84744
26.48 83925
26.49 83494
26.50 82388
26.51 81799
26.52 81060
26.53 80449
26.54 80226
26.55 79743
26.56 79057
26.57 78248
26.58 77687
26.59 77181
26.60 76244
26.61 75960
26.62 75658
26.63 75069
26.64 73924
26.65 73345
26.66 73433
26.67 72462
26.68 72440
26.69 71721
26.70 70631
26.71 70169
26.72 70057
26.73 69468
26.74 68401
26.75 68340
26.76 67855
26.77 67026
26.78 66259
26.79 65738
26.80 65442
26.81 65089
26.82 64623
26.83 64315
26.84 63116
26.85 63271
26.86 62395
26.87 62491
26.88 61597
26.89 61817
26.90 60664
26.91 60073
26.92 59952
26.93 59304
26.94 58553
26.95 58210
26.96 58127
26.97 57151
26.98 56640
26.99 56443
27.00 55967
27.01 55486
27.02 55530
27.03 54619
27.04 54391
27.05 53816
27.06 53214
27.07 53022
27.08 52474
27.09 51913
27.10 52024
27.11 51406
27.12 51110
27.13 50396
27.14 50379
27.15 49842
27.16 49399
27.17 48870
27.18 48742
27.19 48189
27.20 47798
27.21 47384
27.22 47097
27.23 46630
27.24 46134
27.25 46004
27.26 45796
27.27 45333
27.28 45205
27.29 44461
27.30 43968
27.31 43116
27.32 43081
27.33 42779
27.34 42493
27.35 42175
27.36 42016
27.37 41201
27.38 41487
27.39 41212
27.40 40139
27.41 40441
27.42 39881
27.43 39644
27.44 39035
27.45 38591
27.46 38659
27.47 38418
27.48 37891
27.49 37498
27.50 37433
27.51 36965
27.52 36482
27.53 36777
27.54 36023
27.55 35452
27.56 35186
27.57 35019
27.58 34930
27.59 34410
27.60 34264
27.61 33794
27.62 33549
27.63 33097
27.64 32903
27.65 32988
27.66 32528
27.67 32351
27.68 31680
27.69 31614
27.70 31625
27.71 31215
27.72 30983
27.73 30728
27.74 30272
27.75 30132
27.76 29873
27.77 29477
27.78 29626
27.79 28820
27.80 28938
27.81 28418
27.82 28257
27.83 28006
27.84 27673
27.85 27535
27.86 27276
27.87 27590
27.88 27337
27.89 26777
27.90 26286
27.91 26219
27.92 25734
27.93 25469
27.94 25468
27.95 25497
27.96 24873
27.97 24827
27.98 24432
27.99 24535
28.00 24022
28.01 23970
28.02 23734
28.03 24016
28.04 23375
28.05 23435
28.06 23156
28.07 22738
28.08 22806
28.09 22209
28.10 22437
28.11 22157
28.12 21692
28.13 21739
28.14 21178
28.15 21125
28.16 21021
28.17 20761
28.18 20673
28.19 20624
28.20 20061
28.21 20201
28.22 19762
28.23 19755
28.24 19543
28.25 19346
28.26 19295
28.27 19225
28.28 19139
28.29 18905
28.30 18285
28.31 18527
28.32 18057
28.33 18088
28.34 17839
28.35 17589
28.36 17584
28.37 17366
28.38 17259
28.39 17253
28.40 17219
28.41 16807
28.42 16791
28.43 16619
28.44 16390
28.45 16252
28.46 16312
28.47 16281
28.48 15808
28.49 15622
28.50 15528
28.51 15430
28.52 15212
28.53 15258
28.54 15139
28.55 14922
28.56 14765
28.57 14500
28.58 14324
28.59 14397
28.60 14311
28.61 14047
28.62 13788
28.63 13727
28.64 13496
28.65 13522
28.66 13225
28.67 13069
28.68 13060
28.69 12942
28.70 12949
28.71 12874
28.72 12597
28.73 12533
28.74 12431
28.75 12306
28.76 12096
28.77 12028
28.78 11904
28.79 11853
28.80 11953
28.81 11563
28.82 11661
28.83 11302
28.84 11287
28.85 11208
28.86 11122
28.87 10981
28.88 10929
28.89 10801
28.90 10710
28.91 10551
28.92 10624
28.93 10294
28.94 10201
28.95 10147
28.96 10076
28.97 10032
28.98 9867
28.99 9784
29.00 9709
29.01 9409
29.02 9399
29.03 9347
29.04 9308
29.05 9184
29.06 9181
29.07 9070
29.08 8994
29.09 8975
29.10 8725
29.11 8843
29.12 8565
29.13 8385
29.14 8339
29.15 8480
29.16 8392
29.17 8121
29.18 8115
29.19 8032
29.20 7945
29.21 7704
29.22 7763
29.23 7558
29.24 7679
29.25 7596
29.26 7392
29.27 7671
29.28 7255
29.29 7274
29.30 7093
29.31 7075
29.32 7156
29.33 6949
29.34 6832
29.35 6876
29.36 6722
29.37 6681
29.38 6759
29.39 6628
29.40 6420
29.41 6384
29.42 6460
29.43 6355
29.44 6247
29.45 6021
29.46 6099
29.47 6041
29.48 5970
29.49 5802
29.50 5875
29.51 5786
29.52 5561
29.53 5663
29.54 5600
29.55 5554
29.56 5521
29.57 5367
29.58 5226
29.59 5304
29.60 5275
29.61 5302
29.62 5219
29.63 5014
29.64 5016
29.65 4901
29.66 4847
29.67 4851
29.68 4871
29.69 4638
29.70 4633
29.71 4562
29.72 4457
29.73 4487
29.74 4508
29.75 4461
29.76 4391
29.77 4405
29.78 4235
29.79 4410
29.80 4189
29.81 4166
29.82 4082
29.83 4015
29.84 4021
29.85 3901
29.86 3997
29.87 3939
29.88 3778
29.89 3768
29.90 3845
29.91 3787
29.92 3689
29.93 3652
29.94 3661
29.95 3615
29.96 3559
29.97 3394
29.98 3455
29.99 3321
30.00 3341
30.01 3382
30.02 3232
30.03 3229
30.04 3192
30.05 3063
30.06 2998
30.07 3088
30.08 3015
30.09 2979
30.10 3000
30.11 2893
30.12 2841
30.13 2864
30.14 2776
30.15 2792
30.16 2693
30.17 2797
30.18 2728
30.19 2660
30.20 2783
30.21 2651
30.22 2537
30.23 2475
30.24 2545
30.25 2541
30.26 2464
30.27 2454
30.28 2414
30.29 2311
30.30 2273
30.31 2270
30.32 2279
30.33 2190
30.34 2286
30.35 2204
30.36 2127
30.37 2197
30.38 2053
30.39 2113
30.40 2082
30.41 1988
30.42 2041
30.43 2004
30.44 1969
30.45 1932
30.46 1898
30.47 1766
30.48 1821
30.49 1854
30.50 1786
30.51 1803
30.52 1754
30.53 1764
30.54 1678
30.55 1640
30.56 1648
30.57 1557
30.58 1574
30.59 1587
30.60 1567
30.61 1518
30.62 1538
30.63 1474
30.64 1462
30.65 1575
30.66 1442
30.67 1480
30.68 1370
30.69 1430
30.70 1374
30.71 1379
30.72 1357
30.73 1322
30.74 1293
30.75 1257
30.76 1251
30.77 1197
30.78 1272
30.79 1242
30.80 1186
30.81 1183
30.82 1164
30.83 1151
30.84 1113
30.85 1164
30.86 1058
30.87 1076
30.88 1040
30.89 1009
30.90 978
30.91 1062
30.92 1017
30.93 1001
30.94 928
30.95 982
30.96 942
30.97 968
30.98 893
30.99 887
31.00 876
31.01 875
31.02 904
31.03 854
31.04 777
31.05 876
31.06 764
31.07 779
31.08 839
31.09 827
31.10 798
31.11 774
31.12 751
31.13 732
31.14 749
31.15 710
31.16 743
31.17 702
31.18 707
31.19 665
31.20 668
31.21 648
31.22 698
31.23 649
31.24 587
31.25 644
31.26 593
31.27 607
31.28 589
31.29 541
31.30 544
31.31 517
31.32 540
31.33 538
31.34 536
31.35 587
31.36 523
31.37 521
31.38 504
31.39 471
31.40 442
31.41 444
31.42 471
31.43 450
31.44 454
31.45 441
31.46 405
31.47 437
31.48 420
31.49 429
31.50 433
31.51 423
31.52 397
31.53 419
31.54 384
31.55 357
31.56 339
31.57 369
31.58 389
31.59 371
31.60 310
31.61 366
31.62 309
31.63 306
31.64 298
31.65 295
31.66 301
31.67 310
31.68 299
31.69 284
31.70 310
31.71 271
31.72 261
31.73 268
31.74 254
31.75 259
31.76 207
31.77 231
31.78 236
31.79 234
31.80 217
31.81 220
31.82 235
31.83 248
31.84 201
31.85 186
31.86 227
31.87 222
31.88 176
31.89 218
31.90 207
31.91 184
31.92 208
31.93 158
31.94 181
31.95 211
31.96 175
31.97 168
31.98 161
31.99 139
32.00 171
32.01 159
32.02 165
32.03 160
32.04 145
32.05 140
32.06 145
32.07 128
32.08 116
32.09 116
32.10 113
32.11 121
32.12 128
32.13 115
32.14 110
32.15 103
32.16 109
32.17 94
32.18 96
32.19 90
32.20 80
32.21 99
32.22 88
32.23 74
32.24 80
32.25 99
32.26 74
32.27 101
32.28 82
32.29 72
32.30 68
32.31 79
32.32 72
32.33 65
32.34 73
32.35 72
32.36 75
32.37 60
32.38 71
32.39 64
32.40 64
32.41 65
32.42 52
32.43 65
32.44 68
32.45 62
32.46 59
32.47 51
32.48 56
32.49 64
32.50 41
32.51 46
32.52 44
32.53 52
32.54 47
32.55 46
32.56 49
32.57 36
32.58 51
32.59 50
32.60 43
32.61 34
32.62 35
32.63 40
32.64 38
32.65 25
32.66 25
32.67 36
32.68 35
32.69 39
32.70 36
32.71 27
32.72 27
32.73 31
32.74 29
32.75 32
32.76 28
32.77 25
32.78 28
32.79 19
32.80 20
32.81 25
32.82 19
32.83 18
32.84 14
32.85 19
32.86 24
32.87 17
32.88 15
32.89 20
32.90 11
32.91 19
32.92 17
32.93 16
32.94 12
32.95 12
32.96 10
32.97 19
32.98 15
32.99 13
33.00 7
33.01 13
33.02 10
33.03 11
33.04 5
33.05 12
33.06 11
33.07 9
33.08 7
33.09 4
33.10 7
33.11 12
33.12 3
33.13 4
33.14 7
33.15 11
33.16 11
33.17 9
33.18 5
33.19 8
33.20 7
33.21 4
33.22 12
33.23 4
33.24 5
33.25 6
33.26 2
33.27 5
33.28 3
33.29 3
33.30 3
33.31 3
33.32 7
33.33 7
33.34 5
33.35 8
33.36 2
33.37 2
33.39 7
33.40 1
33.41 2
33.42 2
33.43 1
33.44 1
33.45 5
33.48 5
33.50 2
33.51 1
33.52 3
33.54 2
33.57 1
33.58 1
33.61 2
33.62 2
33.63 1
33.64 3
33.65 2
33.66 1
33.67 2
33.68 2
33.69 2
33.78 1
33.81 1
33.83 1
33.87 1
33.92 1
34.15 1
