4.000000000000000000e+00 -1.085600000000000023e+02 2.759999999999999953e-02 1.066566399999999931e+03
3.950000000000000178e+00 -1.100000000000000000e+02 5.959999999999999326e-02 1.194079999999999927e+03
3.900000000000000355e+00 -1.145999999999999943e+02 2.280000000000000082e-02 1.107799999999999955e+03
3.850000000000000533e+00 -1.162800000000000011e+02 3.020000000000000115e-02 1.100081599999999980e+03
3.800000000000000711e+00 -1.220000000000000000e+02 6.930000000000000049e-02 1.141599999999999909e+03
3.750000000000000888e+00 -1.183599999999999994e+02 9.100000000000000450e-03 1.307070400000000063e+03
3.700000000000001066e+00 -1.169200000000000017e+02 4.679999999999999438e-02 1.023153599999999983e+03
3.650000000000001243e+00 -1.331599999999999966e+02 6.260000000000000286e-02 1.144894399999999905e+03
3.600000000000001421e+00 -1.280399999999999920e+02 7.600000000000002587e-03 1.225918400000000020e+03
3.550000000000001599e+00 -1.324000000000000057e+02 2.379999999999999824e-02 1.605599999999999909e+03
3.500000000000001776e+00 -1.353199999999999932e+02 5.960000000000000020e-02 1.316977600000000166e+03
3.450000000000001954e+00 -1.429199999999999875e+02 1.092999999999999944e-01 1.453233599999999797e+03
3.400000000000002132e+00 -1.339600000000000080e+02 8.700000000000000788e-02 1.120638400000000047e+03
3.350000000000002309e+00 -1.388000000000000114e+02 3.959999999999999631e-02 1.160799999999999955e+03
3.300000000000002487e+00 -1.418000000000000114e+02 2.800000000000000405e-03 1.211480000000000018e+03
3.250000000000002665e+00 -1.412400000000000091e+02 1.000999999999999945e-01 1.279102399999999989e+03
3.200000000000002842e+00 -1.563600000000000136e+02 9.490000000000002600e-02 1.622910399999999754e+03
3.150000000000003020e+00 -1.517199999999999989e+02 1.512999999999999901e-01 1.157361599999999953e+03
3.100000000000003197e+00 -1.581200000000000045e+02 6.629999999999999782e-02 1.321585599999999886e+03
3.050000000000003375e+00 -1.585200000000000102e+02 1.049000000000000210e-01 1.187889599999999973e+03
3.000000000000003553e+00 -1.682800000000000011e+02 9.609999999999999098e-02 1.585521600000000035e+03
2.950000000000003730e+00 -1.774399999999999977e+02 3.128000000000000225e-01 1.835366399999999885e+03
2.900000000000003908e+00 -1.823600000000000136e+02 3.552000000000000157e-01 1.822270399999999881e+03
2.850000000000004086e+00 -1.705999999999999943e+02 4.519999999999999712e-02 1.599960000000000036e+03
2.800000000000004263e+00 -1.785600000000000023e+02 2.693000000000000393e-01 1.535846400000000131e+03
2.750000000000004441e+00 -1.861200000000000045e+02 2.839999999999999816e-02 1.394225599999999986e+03
2.700000000000004619e+00 -2.007599999999999909e+02 3.089999999999998997e-02 1.707262399999999843e+03
2.650000000000004796e+00 -2.081200000000000045e+02 5.679999999999999633e-02 2.521905600000000049e+03
2.600000000000004974e+00 -2.269199999999999875e+02 1.354000000000000203e-01 2.346993600000000242e+03
2.550000000000005151e+00 -2.457599999999999909e+02 6.185000000000000497e-01 1.836262399999999616e+03
2.500000000000005329e+00 -2.187599999999999909e+02 2.423000000000000154e-01 2.345982399999999870e+03
2.450000000000005507e+00 -2.580799999999999841e+02 1.255000000000000560e-01 2.755353599999999915e+03
2.400000000000005684e+00 -2.202400000000000091e+02 1.236999999999999766e-01 1.479622399999999971e+03
2.350000000000005862e+00 -2.758000000000000114e+02 6.777999999999999581e-01 3.091159999999999854e+03
2.300000000000006040e+00 -3.126000000000000227e+02 8.354000000000000314e-01 1.849559999999999945e+03
2.250000000000006217e+00 -2.927200000000000273e+02 7.639000000000000234e-01 2.926201599999999871e+03
2.200000000000006395e+00 -3.030000000000000000e+02 8.001000000000000334e-01 2.028119999999999891e+03
2.150000000000006573e+00 -3.238399999999999750e+02 8.434000000000000385e-01 1.459814399999999978e+03
2.100000000000006750e+00 -3.443199999999999932e+02 9.096999999999999531e-01 9.624575999999999567e+02
2.050000000000006928e+00 -3.261999999999999886e+02 8.403999999999999249e-01 1.921559999999999945e+03
2.000000000000007105e+00 -3.552400000000000091e+02 9.308000000000000718e-01 7.930224000000000615e+02
1.950000000000007283e+00 -3.636399999999999864e+02 9.440999999999999392e-01 6.257903999999999769e+02
1.900000000000007461e+00 -3.670400000000000205e+02 9.498999999999999666e-01 5.648383999999999787e+02
1.850000000000007638e+00 -3.626399999999999864e+02 9.422999999999999154e-01 6.227904000000002043e+02
1.800000000000007816e+00 -3.698000000000000114e+02 9.552000000000000490e-01 6.255599999999999454e+02
1.750000000000007994e+00 -3.735199999999999818e+02 9.589000000000001966e-01 7.298496000000002368e+02
1.700000000000008171e+00 -3.748399999999999750e+02 9.601000000000000645e-01 4.994543999999998505e+02
1.650000000000008349e+00 -3.809200000000000159e+02 9.718000000000001082e-01 3.671535999999998694e+02
1.600000000000008527e+00 -3.890799999999999841e+02 9.847000000000000197e-01 2.004336000000000411e+02
1.550000000000008704e+00 -3.867200000000000273e+02 9.804000000000000492e-01 2.684415999999999372e+02
1.500000000000008882e+00 -3.933999999999999773e+02 9.909000000000000030e-01 1.116400000000000148e+02
1.450000000000009059e+00 -3.916399999999999864e+02 9.889000000000000012e-01 1.537904000000000053e+02
1.400000000000009237e+00 -3.926000000000000227e+02 9.897000000000001352e-01 1.170800000000000409e+02
1.350000000000009415e+00 -3.935600000000000023e+02 9.912000000000000810e-01 1.105263999999999953e+02
1.300000000000009592e+00 -3.971999999999999886e+02 9.965000000000000524e-01 4.207999999999999829e+01
1.250000000000009770e+00 -3.963600000000000136e+02 9.952999999999999625e-01 6.771039999999999281e+01
1.200000000000009948e+00 -3.975600000000000023e+02 9.969000000000001194e-01 3.660640000000000072e+01
1.150000000000010125e+00 -3.983600000000000136e+02 9.978999999999998982e-01 2.963039999999999452e+01
1.100000000000010303e+00 -3.990400000000000205e+02 9.987999999999999101e-01 1.699840000000000018e+01
1.050000000000010481e+00 -3.995199999999999818e+02 9.993999999999999551e-01 7.449600000000003774e+00
